46706
23289
54738
86635
76700
14606
42154
43050
44264
2327
87929
85572
61848
40814
16348
20665
35995
85135
96188
98497
21871
18006
77278
24320
73735
57397
4665
35784
50631
25553
7394
12133
51212
70490
48195
71785
71177
75685
82698
43221
68331
24648
64957
70752
95422
29170
95916
61511
22985
73668
40735
94321
89589
20272
35982
18206
83723
92620
72815
74380
27739
25491
44458
84549
41624
34585
29033
54312
21152
17192
84683
29810
97818
27836
54680
64041
69112
52695
51438
92997
77212
80225
4185
65947
23383
50304
47234
87144
21932
78480
40510
99734
6868
28896
62919
49646
26106
57737
16008
3610
4262
66539
76114
86005
94231
66501
32300
69106
60969
96465
58087
4710
98839
22810
87247
35155
69082
4186
90845
97777
16591
79509
9193
68923
93462
42924
33181
68372
42262
26750
5
68468
9407
95362
1411
97299
19784
88825
30815
72592
95510
67475
68891
17534
61566
34785
36996
80076
93921
43699
67716
98127
19702
72685
885
76943
54822
50122
22640
31531
62353
19309
22308
78057
11982
38560
95874
59678
38511
56140
23476
63478
76514
9107
1518
53281
22132
60301
18812
9851
63921
87005
73211
58229
55655
4847
88517
90885
67432
97648
82756
55847
71469
25866
28487
63758
8983
81083
97202
48236
76753
97201
84623
77593
84338
13444
30275
87299
26527
76143
4028
43603
57709
70701
14982
42104
100
972
57309
85842
30527
57137
30492
19453
88175
32392
5140
25399
43231
23461
66712
592
8723
2492
23541
18541
10378
87737
74207
76825
56610
83741
78631
4745
2010
77878
74921
63562
5778
40026
8193
89770
11631
75040
62173
80511
92700
13371
46958
79959
54762
49683
63960
7902
21559
18626
60201
85542
10765
82248
6758
10678
95457
9355
16737
56081
59932
6734
46375
38753
74966
61549
79702
28192
21854
91730
61707
96899
42870
83767
23001
74820
39579
8409
98358
71626
34403
84662
6735
28631
60735
77891
79772
47277
12992
56172
93358
81054
42806
39784
37509
75376
95219
41687
89886
43273
72205
20252
6634
14556
68675
14065
4122
1711
84631
76396
85141
2472
33433
84876
78220
78068
79173
98783
48933
8596
3043
86612
43699
42277
5644
82551
13447
40394
90924
16335
82240
81912
65347
90064
52189
56894
85381
35101
73235
4143
59201
88094
9147
83213
26335
8857
38114
64627
88418
99056
66372
97023
93518
50871
79987
82426
51683
6641
69969
97125
50727
88166
9885
39971
28097
35971
80489
48285
19873
89614
33226
22006
49822
47460
62122
40971
12728
28048
58552
1510
24124
63882
91070
82624
22469
31210
3890
20656
85951
76744
82470
4469
74534
86450
87291
26459
83150
53929
95026
40494
55548
26424
10275
62360
69841
69457
4198
1624
57671
99750
98927
55266
18740
46401
99127
47916
38220
34369
9173
44220
45219
16625
939
71052
61807
86855
33085
67511
45195
14614
94748
22243
6777
19312
24001
23755
43327
74843
78773
839
30194
16494
13805
11034
63984
69801
11827
3032
65383
30543
65471
57234
26035
9985
38436
67744
17541
55095
78503
77481
54367
13053
11691
48082
10043
34185
85736
46721
98219
12757
57209
46412
46780
17469
48308
26787
16116
99894
23573
42039
76698
73192
72180
77477
7380
69226
70997
80611
17771
34233
34238
73606
68684
59668
11842
83086
48424
17175
47260
17806
1114
83762
472
2651
61640
47206
95531
67441
61955
99195
98562
35069
50889
1889
13592
57642
69514
28417
47394
56843
94663
70270
6564
88610
26518
21838
57670
3339
74498
49263
94017
99784
15760
29064
65044
91465
45596
90781
55891
26071
62306
84206
81791
63486
32568
40461
49552
36373
9336
378
95854
5579
44636
99644
71871
77808
51714
27006
54011
8477
30127
38180
3260
66337
23312
67337
64145
2920
95387
90871
78642
57706
5172
31489
47981
54382
63691
10880
72767
13753
17347
57960
4158
24407
7022
89479
33171
58757
12372
12538
84549
40952
86674
93195
35984
61037
95230
14090
36757
35086
15241
74023
70731
34814
87326
19658
97555
78241
33415
62575
70825
42123
67470
81345
49526
49956
33057
27154
2307
74324
38639
55348
840
35601
61967
88119
20834
95393
15359
99584
20994
61582
94282
42434
34978
82662
89315
36507
55923
78636
48558
95469
34739
21215
54014
94936
83642
66852
9049
75217
96851
10322
59575
50177
52871
59578
25001
88957
57332
38481
20055
69277
39069
61116
39842
23994
30332
34487
91400
40297
87123
95906
8005
36815
59615
77800
88662
2976
51117
71597
18937
26553
29991
34675
51857
31157
21223
46121
44678
20719
12972
27409
85609
82838
82826
9324
75797
40678
8604
84773
23184
18888
94420
75703
93937
58920
71731
49659
79195
83951
30389
49521
10087
45021
47811
5611
22017
27556
37932
69617
58985
33476
54093
36660
35610
61086
29101
16243
76679
31416
22342
11395
15808
35724
35261
69631
70772
85261
33267
52172
35537
14519
57108
51942
51302
84337
94156
3277
84170
28226
96377
85574
71862
38381
86972
51919
28301
17035
22953
89603
66812
11556
29310
79526
38779
55433
74129
71694
66355
2897
22497
2062
57530
19533
69966
20992
75834
45258
88293
81325
38577
96579
49876
55292
70513
61185
34588
2774
98470
272
23428
80242
93592
5054
82569
98050
6662
78291
29619
97784
9907
14216
57059
87286
64509
51590
57257
67473
49319
45595
95571
74625
11097
47099
11871
6504
86750
65713
89009
32604
61099
90849
82592
18739
9183
11355
15274
90442
54053
48638
14152
15442
3158
78631
63741
28663
59420
31252
73031
76270
39058
75705
65592
41403
62663
35902
97663
11420
95137
92947
50399
61942
85885
59345
88993
68762
46485
28655
82149
69107
13115
90397
80468
83950
64610
59009
2033
73190
49211
82220
74126
50316
61053
17751
41370
47056
90462
80127
85976
47918
7998
73850
7051
19831
51779
41845
11693
18811
70814
11853
10143
5936
24812
69382
13595
79298
6969
43594
5285
58967
68959
76225
73952
96573
42861
35978
5180
49683
15491
42324
85581
32849
68857
4955
34744
72437
5086
11906
88582
59850
23966
37833
36571
24566
72829
62571
62304
45825
71361
36183
57372
30046
93068
42057
84449
36119
62310
26981
62691
92697
65593
60015
89059
34713
79222
46761
57258
83169
62997
38506
84465
68636
78585
3544
27517
5209
14706
5122
95912
14495
27420
40028
19674
57486
66565
33367
60343
72589
24044
93820
61906
80918
41093
56613
49855
42106
92985
21369
57029
70066
40810
55458
11666
40451
83027
589
98185
60237
70254
78941
24471
66096
64752
79179
46404
73852
10895
75070
44132
99188
57219
12836
52269
67517
75914
97514
79170
31656
71206
14686
45070
31162
53505
49502
49325
96725
53009
20732
13508
56933
56246
77105
87697
44713
32031
58843
95517
99451
95085
54068
813
542
18320
89712
60344
71619
34125
78483
15219
20664
8289
92332
68456
14286
10207
27154
28997
91109
35509
86970
74353
60054
63917
44434
92825
79644
51119
48701
48105
256
50596
74091
502
91232
84309
77428
72952
41340
82
73682
79605
53821
53134
42136
26135
3905
99335
51186
84352
74087
50276
19290
16692
21555
13560
61204
72149
12319
29763
41735
57964
82847
599
49209
25379
81871
32663
63333
71471
29243
20348
52476
73355
27466
83441
75605
2176
39816
33950
70322
32576
56047
58307
56817
80018
24722
19226
17483
38535
78821
65662
12108
71275
59404
16587
97936
91831
51038
77147
54583
4420
15125
73807
35748
74554
44149
5807
23288
76518
16407
85896
71397
72714
28882
71444
45458
90606
73572
16056
16139
76980
13762
65478
72449
31177
13242
56707
45189
95031
26529
76003
49052
62136
8510
26256
73824
79398
22962
63690
74644
89645
46466
14728
71905
30177
53346
72604
71249
44844
71264
77589
97287
36031
60714
71550
42777
83274
50749
47780
37420
36007
54220
28596
84491
75281
11049
11299
96611
92018
7475
34695
93565
95449
9340
3683
4185
18187
68469
79008
88131
56464
94712
81238
95189
18766
87634
70858
69769
627
57643
14449
65593
40331
45427
75283
27861
62610
62411
66795
16160
90435
45805
19371
62056
20847
25273
19356
21760
45386
21438
12258
24123
74911
38081
47390
80103
59171
25196
77102
8612
93319
3254
35663
88768
71879
95531
24098
73744
69855
62424
44780
56173
10462
82741
4856
15912
31826
68815
33143
30027
93219
50353
82504
36654
31132
56270
73842
48947
49027
8238
15150
69663
33738
36563
84769
61749
40094
28262
44199
31984
57885
9411
91404
79196
87492
44126
67219
92210
53414
71920
29914
59214
19353
52866
10260
75215
87211
42676
47638
37387
30066
11179
7534
64172
23040
28373
42220
30635
4213
96794
580
44519
67503
80193
38700
9954
32604
82364
83233
85145
81616
84369
47622
39678
30866
27813
62316
11411
80720
21415
1293
78852
73108
15479
81553
11042
67662
37937
12020
50680
50864
26842
26623
87692
97049
93573
46259
23667
35721
28643
29892
15569
12787
89285
51330
90541
69008
82607
8946
92685
93040
77594
59003
83090
38828
5670
47613
62770
31607
43963
8892
37454
37811
32922
3323
38320
7583
1029
22018
61315
82958
24519
29858
88751
86995
10561
23695
43375
31032
99154
29804
79793
74030
32867
32901
98121
56319
82956
10741
57842
2559
16422
16488
56675
60129
92974
74459
94441
59110
26291
43904
95430
68336
11164
13565
51366
10452
75385
38932
26394
48878
30948
22877
9844
25263
9971
23759
8093
36113
87262
6173
41366
44459
1799
34557
98281
98879
79787
19397
56043
5201
95651
25999
71888
7091
14327
63739
36715
26523
66784
53234
71105
75990
25976
11176
8489
59733
91617
20796
61698
50054
73326
17178
12145
84030
32786
26079
5525
75857
1731
63708
44104
87844
20938
52851
18581
37690
50474
9278
92817
34987
84107
29616
8408
98291
15394
72627
25796
65414
2943
89584
89324
94689
26066
16942
23543
2012
18714
91729
71963
41787
82060
78243
18007
72452
7804
25617
64681
94635
16075
16012
96844
39752
24334
77328
74578
31274
7894
14849
57754
30821
21025
42705
83471
56103
64573
9054
76188
70921
44084
26072
42511
36001
14809
32384
90985
99444
78317
58092
43135
55496
98061
46952
87025
46711
22268
11222
21157
46911
86313
56790
89567
9015
57021
67680
16958
90972
19971
26638
29878
15754
13236
80951
98757
63206
26558
23158
31380
94232
71696
35529
18221
20374
29060
1173
99124
73691
46154
7463
51075
50198
26285
6197
8229
41727
18181
15651
75343
27300
14488
11842
74614
74050
35821
16275
17521
58095
63855
87465
61932
75540
10298
90636
81861
3960
85829
3961
83911
59608
33932
62823
76929
3763
64312
60292
55139
70977
22381
51102
43476
77603
85457
88574
39090
7829
11252
70575
11783
34336
19200
73821
8388
40365
92798
58712
9597
90836
81506
28407
47456
18418
33973
17625
87251
217
42589
18630
11498
47297
94411
29620
89922
8252
43232
80999
91005
424
19357
69904
77562
55997
35526
17334
35472
45382
1681
15377
48839
85132
64593
33682
56051
94158
90234
98625
36813
35405
99472
51871
60240
23556
82065
32938
70925
72212
53915
76223
56588
23421
8123
58393
57760
89577
30995
5015
40965
99587
5223
9788
50424
10853
99173
176
31251
93487
77166
90948
8451
76563
53061
84627
11560
29036
52115
19428
34121
94159
25173
16395
15602
84730
5891
14319
11947
14954
49469
26086
93750
20681
92020
67869
52580
4675
99026
50484
56724
1081
15527
15494
86345
65967
34193
83270
23207
94528
73383
29989
90858
88177
35106
84048
1091
48643
32520
6069
68529
16930
35063
32742
28087
17146
47179
3607
55359
73866
26636
14434
11691
58064
21591
35402
80691
86788
43366
39580
68032
59553
81567
74801
37316
95134
78678
496
40020
22554
31232
49968
84740
33814
66965
51323
94429
19612
62944
367
96541
48573
31623
49150
81579
72345
68082
64213
98421
62551
55194
12185
78056
30613
45647
44653
46123
99801
6245
50192
64057
79205
17660
8004
70777
37545
45387
53001
57659
3315
7337
53096
19890
1121
1239
19500
77032
41047
13101
90506
67202
55276
34208
78305
3090
19679
65100
35836
55827
20487
65188
87317
95844
45576
84179
54708
89060
72737
27086
58517
11622
10785
10872
11367
28529
6842
84881
64400
33911
90383
8060
20590
18064
9799
96300
10584
96818
35587
88810
97731
47215
78412
17285
31841
5420
80133
21431
49348
17625
23488
42832
18785
93905
47404
93058
34255
63376
6508
32552
59982
85164
74787
57267
1188
57777
16908
63282
98818
50141
4742
13853
12198
50197
3115
6366
98778
9410
80258
58653
60921
21356
57355
48103
49682
561
28120
92506
64293
32097
92059
68976
66730
30041
29977
87333
80305
32571
4414
99558
27587
1030
61067
18552
62952
74007
35850
54530
2434
71196
63554
90393
83991
5585
33573
6662
4332
50137
98919
18581
42188
81370
30410
3677
73480
44373
83380
53767
97144
81600
63394
5437
35264
26242
83510
97424
69454
64203
56427
6757
90079
96685
28393
23902
19905
26587
66420
70881
66867
14941
5695
90311
11689
3309
90430
74819
94572
4529
83897
41036
8318
98101
4252
94441
41499
42244
84555
44856
76187
1219
67795
38684
3443
63754
71996
23617
1692
82560
89306
49676
89355
67026
90691
47779
30623
32367
93531
8886
43738
48675
41867
48873
44998
29358
95120
94560
43513
71649
62639
73382
57395
76660
24198
29113
85988
61766
4094
213
35275
97970
8604
69403
42649
27883
85399
65246
53843
31124
34724
38027
44790
90078
4718
53810
6357
2591
48321
64309
62622
86155
58405
31628
11804
9266
69895
28402
16117
17590
83539
58383
47890
88391
54430
40611
32415
78140
63744
40524
75177
79120
7167
43924
39172
82167
73638
77083
83951
56956
91060
69212
41327
80409
87441
73214
54551
56849
48508
42521
55337
31693
54271
89187
3767
31281
23044
1399
43554
42042
93601
31360
4804
1527
49998
26631
61129
33761
23223
42231
4151
15929
80397
36617
43470
87772
96984
8977
82762
16965
10343
94756
20486
13311
67751
43140
47131
4677
50801
81098
31559
46393
79422
4559
40232
35453
34262
20055
91495
96177
65926
6363
19761
65801
20688
21873
3072
81738
64508
75545
71033
7202
73997
55910
89135
80417
37454
40328
90469
64535
45131
27986
96976
19692
56027
99405
25530
85142
1051
95928
99235
65914
48407
62874
19682
78338
43553
89318
92586
15479
18403
72777
42440
17851
51345
15668
59880
75110
16312
83264
82935
55387
96116
53538
86690
36807
20669
83693
65790
82101
41504
14431
76065
73680
43628
70665
36814
33878
55715
33566
74414
96086
20657
99319
18521
93254
75865
24352
65941
40035
53386
72195
25909
92357
14288
57071
60066
49118
50855
44196
99031
32240
61739
16126
26118
25480
76747
20220
57656
59675
63835
50188
6450
731
20681
6068
26547
3765
79879
75839
74457
12107
75367
21251
46692
29321
96197
21643
69330
45734
78685
16902
92522
88057
4094
40427
81396
62741
77559
40646
81093
34083
21933
48580
76152
41979
18318
67895
71288
11806
56896
58982
39098
97394
29075
64469
41351
96539
50773
2924
53880
67475
30820
71814
39930
87718
22494
70904
90512
21676
68628
14652
95224
55043
68381
12346
43366
73129
83527
53138
96780
77587
56520
35720
7547
41293
99730
40652
73827
57135
22661
38372
45046
82743
28735
84697
90443
86473
63183
39835
98623
99104
63623
14354
66902
9007
71023
85506
9790
64729
70773
62298
61652
79049
99042
38649
11232
98095
41161
88221
58652
51288
54329
20457
6802
52649
1778
79731
91299
91447
66868
92295
66051
15621
64850
45019
38626
53211
27270
89873
97190
15456
86334
66402
22676
51349
86132
40557
64653
66925
78011
20796
52757
8332
48917
37358
66799
39770
76865
44647
60387
52292
7058
78673
81890
66992
74779
62476
83425
98395
39623
51897
19553
70641
1253
43487
64591
7849
34976
47192
77766
3162
41900
39804
14546
13853
88220
43112
99696
20640
35697
82186
10642
20612
37229
68363
12510
25717
88518
29273
34390
6755
64406
77040
62098
91521
846
71365
36265
82553
57579
96591
10671
10
26753
49842
35576
26464
67764
31721
4603
47535
59301
68623
35314
36331
37705
97546
46941
45286
49334
44501
41382
53863
13910
31721
7071
13891
65406
29191
69607
19451
27033
10564
26892
31090
8893
43762
59627
69705
19711
6119
31027
75610
41985
28491
26791
97293
55018
85315
93506
16505
36079
81557
16852
75003
39309
43864
31787
10316
34616
89914
53869
16002
41773
89229
70721
59398
8324
88623
21550
18893
69217
32852
82587
39349
80042
36498
74550
53917
75571
16585
6032
91906
31893
79437
25189
8178
28605
90897
35225
37967
68576
58002
7166
13538
11404
6749
43154
41880
94650
81374
59046
99582
80512
9862
38425
81780
89603
2936
98530
88977
91785
44304
63213
78580
71980
27504
12124
70594
85355
55401
38767
77440
14555
12514
72575
27342
71322
1064
69188
382
17828
23635
60566
31920
34526
70928
66832
96524
53968
82512
41520
7964
51600
9388
24699
33699
89017
52851
44958
66397
91611
55634
82768
20724
48331
9919
44147
38108
18907
46594
47353
71852
50853
33505
82371
82841
30848
84966
56580
6257
85
68559
64260
76209
33164
29010
9536
77508
75999
86666
9199
76952
98800
90882
79040
68382
6806
96029
17503
6718
96755
4576
56022
24917
40929
39997
92912
33324
53930
24701
42361
37654
35319
12552
3329
70373
37472
724
49439
9002
41059
29416
14130
66023
90256
61676
91875
92243
29792
10383
19398
50409
30181
90964
9247
39373
37981
83674
78818
4445
12672
64775
62386
49103
47961
59824
26091
42093
40786
62376
99004
90025
81607
80578
56683
18430
605
88484
93213
72710
23883
79626
12813
60498
93526
38324
36665
50153
82587
16270
63740
29311
29798
16538
61045
56785
51679
26939
52199
63291
28516
31360
88058
48406
68689
1772
94240
59025
41404
56222
97297
70763
53757
41698
64663
63243
50858
73395
45638
7036
5857
71915
41635
2024
37311
57672
91013
44335
77358
31741
72153
4
90778
34258
94463
96676
81476
7961
8434
54196
69168
89935
49349
39991
4601
55242
38089
4041
56293
57829
40171
29658
1299
71941
86426
21578
19856
82151
9478
3581
41577
28585
46884
98684
83066
64881
79182
91848
21157
61246
28839
97467
90463
89001
13852
38717
55620
74423
14662
29471
94122
26366
23949
45560
79699
35889
43398
63738
15101
61386
90172
29936
44244
63540
22637
73975
46695
16338
74507
74293
5783
25422
62115
90202
93035
76162
98618
402
93857
76253
90227
37955
49631
71827
74606
43658
77767
55011
80619
98796
31209
92998
31403
96027
62995
3953
8631
52360
63556
27047
49018
45792
30046
72191
99273
91940
83193
72365
60228
20489
724
18735
86196
13800
48646
11190
36723
54146
98835
92111
23980
17172
1210
44429
78007
27155
74859
33269
57447
2821
52406
96998
43935
97756
71422
99075
46654
47599
61805
37374
16316
68822
15329
86114
81644
80802
78724
65789
69697
14902
74617
29416
97549
70086
5394
33237
55653
26059
56447
23988
69824
76192
83104
87137
20798
42141
10300
33582
98533
37133
43018
65129
51815
16622
72396
81289
46399
2756
82844
37050
79738
31610
93631
2531
18611
85366
65206
51280
88247
83160
98835
43169
71367
27759
32392
5358
95003
92536
251
78005
51683
49236
44310
66882
66633
39972
94970
19802
60339
40004
29076
30947
74052
38849
65128
71731
79778
63736
37866
29364
42162
65037
78955
32305
30015
99492
90320
57376
47962
84416
97567
78828
45211
44790
33715
39902
84582
23405
32782
74759
969
34644
56526
14476
50082
5855
16984
28398
69437
66592
64241
9300
53562
24862
84044
88920
45421
20117
42813
20684
41471
41801
77420
18535
7762
46248
86758
56655
52802
36220
71757
72388
17223
51785
46319
80583
55991
25001
98292
2309
95624
35201
70288
54532
787
42016
90713
55241
79092
64820
72179
46916
47182
1320
58343
62841
82828
80286
27602
25099
37026
76197
52698
83814
36945
84055
34267
50793
51625
14130
12127
56911
46345
34097
19852
41145
8898
79878
44246
75897
56441
63606
29974
5533
56267
82673
62387
66807
73996
31916
67325
65669
21800
40765
97593
58657
13418
26610
1397
51687
26234
68911
71261
52734
91681
25890
70086
81765
64681
76580
14536
13628
76896
54831
47945
21324
40667
151
69140
69076
86550
68230
10057
97745
59385
92599
12398
65545
69111
33646
53347
78132
16688
7027
2290
13255
342
72169
65669
15390
33005
68399
64818
79301
26732
38323
72274
6052
12768
4206
87183
26757
41839
57248
52475
6339
89017
72808
91773
9041
96699
79999
95847
14019
80558
68050
19875
75261
34476
78395
29963
62807
32691
97051
31640
25609
20097
20854
64819
14745
81951
94890
84807
5726
18811
70861
89527
67312
86605
41251
7851
6318
24603
84121
97190
39755
69688
19617
67635
61781
7975
85002
49694
98884
44541
33275
84927
36828
40868
12139
31440
94239
47932
1824
25600
64402
82781
3011
42432
89290
86679
29852
13531
52819
54266
38032
34211
64541
78769
19283
63750
68451
72105
69803
38336
74105
33616
82435
31977
78481
12697
98728
15439
29322
70844
85092
59518
54582
45145
86420
11164
77639
2077
10472
44274
65909
31133
16887
70532
94478
74271
33629
93089
59867
17465
41874
91125
32842
67185
91943
17916
65085
53539
99232
36306
59119
12705
51720
35174
19518
26676
89974
18381
67962
30337
2811
7378
53992
52775
42692
87499
76403
82021
76562
56871
42896
50425
52403
55267
2892
28674
6108
2780
85908
91079
64742
75358
74720
39280
9443
22331
74462
66226
18427
90424
63415
25129
51591
47745
41599
59773
29513
14685
10238
38791
92294
52508
84566
2253
9601
89868
94321
265
73750
38827
63273
64520
76943
90327
7187
26030
21574
49953
68105
310
56280
15297
74258
72631
76482
86658
5488
32931
48251
92958
69797
71721
22926
58148
6915
49210
96114
24725
20527
50280
84999
2479
70769
69035
26000
78721
25723
40797
31879
90941
42835
22693
15873
3115
95807
65649
73056
86106
19532
71356
23855
91825
10331
5263
18813
32932
77353
47075
6841
8834
95897
11237
79110
46603
18592
51987
2491
66367
46348
48835
21370
13362
24946
14850
44106
76379
4979
64441
37428
53420
39562
9580
35735
22876
84532
28669
19080
21951
90460
74765
3721
74103
90275
11747
65092
23780
80553
88293
67237
48503
50746
27266
4274
23652
33784
54546
51623
26230
46176
71637
58290
38748
82524
84728
16040
7489
92453
78423
40322
93273
12594
10620
94711
74327
56257
13541
44183
95324
69985
89316
20706
37803
60890
32704
72291
31031
82489
62584
35212
49469
82940
32232
99919
54606
45590
89892
67478
9829
60000
77441
2751
45079
38045
36019
44184
35592
17064
55185
63379
78585
61083
56309
83014
46719
96798
82079
94370
71184
85099
13209
69837
86167
24474
58357
85278
90151
35950
30387
15476
3979
16763
91103
64532
63100
35058
53431
72926
51116
25354
99018
56331
79999
39021
69275
57156
64185
69948
17445
81122
78194
36992
29848
44829
52486
85230
64674
53747
45642
40534
47978
59768
59193
520
72757
93556
31820
25412
13547
26046
71176
31677
3027
27891
17360
97384
53083
17298
62843
59815
53172
72055
72353
50764
79098
55250
59632
17484
79474
35299
45275
39139
62444
43957
24689
48509
58759
12820
94091
51976
58739
44940
68287
78580
26770
27903
25970
98979
46296
33123
33355
44307
3346
52854
43394
1925
17347
926
26135
44265
31817
99298
88446
43016
19485
28286
81624
11597
3929
17831
15454
61585
26549
74460
17590
64099
47754
3236
72232
29232
45367
2890
87594
76852
28034
81010
65944
26237
66454
91607
94495
67159
32618
37986
28440
24026
52195
91081
14738
22509
1136
36802
15112
96021
18546
23202
66962
1982
95519
37174
183
84036
2492
35133
52447
23038
76103
39616
61351
61480
29495
61679
41166
70700
78939
4474
38604
3853
83455
4456
96451
7087
4814
22615
32429
78182
43697
44529
55029
18585
77941
34344
52769
66546
68010
59182
12365
21894
10439
15859
24435
26396
48139
54523
54406
87163
5055
38235
24191
68372
74616
55056
94414
27593
73208
60541
11026
75544
96275
52479
53507
93673
41583
9358
42412
65584
31749
2578
99127
6718
19013
60511
14849
7562
1974
52911
60204
59832
22138
79707
19795
21956
66031
20822
89624
5517
83730
40421
2041
24225
59231
23807
92034
39776
26163
55581
12668
95823
12690
91645
10242
88924
51749
68345
76884
85353
35003
93503
30532
13847
88368
17677
1646
88945
29291
9132
85285
11025
95969
40838
85000
46674
21975
55044
54484
90868
85764
66664
83763
52294
12981
57315
39954
14003
47019
92373
93072
523
51135
11039
54130
58221
357
62246
34547
82094
13198
52871
26233
11784
91591
46929
91491
64578
60095
20163
76030
80536
20518
87267
70999
90183
69329
62232
75371
64151
2170
11717
49881
59877
60741
68515
77049
64620
15005
17881
80839
72912
83196
571
74519
6662
43657
47484
11852
54435
11260
48657
11684
96768
56797
51139
54315
91911
70635
33104
3312
16668
11672
82367
35316
33515
25137
13279
20190
60970
94556
47451
31436
28970
87258
29883
48389
37056
44588
32986
71977
65642
29393
73408
54633
40704
90701
15676
88019
21145
71110
81631
82278
83607
69416
25207
15908
71024
52137
22886
99301
81690
80198
19999
31592
31090
747
89725
15525
13896
83666
34560
76766
46667
20579
31685
95251
31181
96410
49248
43444
80434
71527
28793
41489
72602
24174
80576
96558
65865
76942
93230
40210
52880
88863
14905
24959
30457
63156
16692
15100
89588
48609
53185
90989
51961
4406
1332
26116
11353
61353
47717
93649
26854
77713
21489
14229
96251
77198
51054
92468
98441
88455
29001
12873
64960
5867
95326
47091
51030
61113
27315
52333
98455
56539
11570
84924
56969
24333
91969
24193
1114
90012
5599
63758
54792
78121
81469
94485
781
53100
8886
284
47494
77397
47501
42413
82142
49806
3426
35370
28091
34077
19184
40094
3749
14694
8870
2926
84686
19980
2207
77134
88067
32664
65
88752
2157
47698
32143
48023
47044
63820
9867
81321
63825
97151
1132
24515
39358
69773
24887
86471
61277
13733
33437
43825
33298
6756
38321
43943
76797
44665
68356
37678
42280
99105
58527
71481
76553
70833
92284
93917
74324
74802
53634
78592
10465
44519
76763
83215
57781
76458
26163
17679
72944
33236
22351
89867
21714
92571
85704
1452
41770
61205
9955
56775
57021
15547
44718
31791
4879
27081
62072
75116
49170
51682
68654
44036
34344
4145
50254
49397
15094
93002
91818
71972
26279
37454
98426
46288
39353
86318
74366
80736
80233
86758
17743
73723
96918
31915
42817
88566
17364
24895
59672
84999
68112
9185
59971
17785
84283
63810
83257
83576
34357
72433
22030
61548
85239
46713
3026
81571
97020
76992
78503
57351
38253
30384
38462
7055
1032
5011
90893
81936
5964
65431
17454
60948
74340
36753
96118
99395
96973
89597
56944
66558
62214
47428
42774
73355
83283
70582
56523
14057
17294
80183
79224
82117
54251
77750
34786
82310
48069
33976
83460
13955
842
74484
79695
72277
62849
46519
13498
5703
45619
77607
2727
3561
14749
54213
45331
43875
66640
60716
62585
37351
85379
32150
72517
92703
66518
55997
27632
95142
74627
71614
54173
11186
21219
11674
74382
40591
83195
81655
5220
55239
87393
61764
15185
61629
61742
32185
38491
14170
80962
11836
10320
22014
64687
98848
70945
4440
65315
92904
93468
11313
39221
51530
93034
38466
11595
15054
37441
34374
32614
26933
45639
19146
59083
47223
45636
36864
62222
15909
93602
86867
48861
83533
79620
58645
57350
90779
8192
25972
89222
88924
13178
18380
37455
27614
47519
71062
17749
88372
62011
68957
75670
65206
1239
33233
38852
87301
98034
73172
56656
55659
40667
47058
7188
24929
95304
26287
98652
96554
35446
54136
64178
36349
8638
46971
99462
29344
38096
30578
97174
92943
49199
26010
7103
21628
57097
13026
3360
49521
36337
92607
10440
77521
53530
52444
16956
83676
818
55055
45446
4049
4280
57191
55964
33101
14492
61985
87532
27538
8594
64794
73058
31236
83891
27455
10390
50028
66160
58880
36533
8831
26899
28163
93898
39321
37044
18196
36776
15939
80724
93978
31191
72980
75962
41061
28888
76371
3048
39747
39543
83226
43801
42195
18924
49526
28377
18225
86542
7019
12225
49615
17333
97237
77869
49924
50058
42473
70620
74846
65165
2713
19108
93172
65922
96951
15375
69334
54394
50865
78965
62246
67289
57914
16248
21247
5065
68746
75638
30483
66043
39323
30319
26228
24597
31540
11731
79208
17180
90595
70118
51711
99199
45123
57716
38400
84605
47742
80555
82623
42229
49739
10713
35691
66024
23320
54947
19909
26573
67107
36798
76811
9265
4130
6190
29521
53576
95618
85785
96049
49749
87693
22471
82394
27441
53477
22713
34564
42300
94605
94947
88035
85053
86374
78982
22393
58775
30614
92366
25286
40331
5382
2693
90267
51652
4546
16851
80653
18723
17155
62131
65508
99879
13929
71347
72307
53688
78818
16583
41570
74065
22152
64330
31654
78440
89766
83890
96947
88347
82906
47822
3528
52792
73142
25151
9768
92104
25377
1169
11817
99002
51739
25589
24613
13544
61085
77436
2734
9704
56478
15122
42783
67089
70419
29300
59373
70664
43598
63471
17628
62342
63463
9239
814
67655
75768
90624
48822
24242
49409
20573
25387
71328
94124
2067
24600
65195
92780
46136
80560
13236
26718
9454
31262
64849
28242
27830
7899
71537
72451
40146
38457
91150
85408
14844
44572
29614
27951
9756
71208
8981
24968
33450
70486
35594
25789
39328
80960
12868
98969
60667
75483
62193
30886
38670
95877
50788
12329
75139
35060
72793
4392
80367
85518
82725
15403
51473
82967
82719
86080
66599
35556
10116
63033
26956
29774
93228
28016
90098
11490
8039
42506
68120
84662
45171
70201
51144
27094
64030
32348
90128
98524
43858
51777
11162
57598
46689
31371
36458
79329
73870
19822
36596
16044
36630
52919
60632
40023
53817
80329
57563
51330
20297
30786
38243
52130
86254
5468
3631
18870
9075
61839
18992
6520
59312
30068
53639
7439
2389
25284
14237
8384
50800
26366
96921
22821
29756
58472
18369
75734
9734
89869
8625
70468
40668
66885
5969
33893
55221
55890
9174
10345
17655
75014
90935
98731
32553
31330
62442
14595
49109
5402
73019
40120
94489
61844
1800
96659
42315
63631
41372
46414
71527
22464
84134
2827
79638
54711
6805
48610
13916
84096
69970
38098
2686
7621
38362
82841
46543
35761
47575
22559
40246
23440
39706
45580
40413
53779
70327
58041
44567
67695
82044
42436
40495
66533
42287
26877
41930
36476
24900
8541
93433
65801
28216
95511
29789
49
79981
70439
76310
8709
85825
198
50442
39564
45805
70176
54351
10591
22904
43068
89621
95374
40758
27258
72851
80448
33600
43356
83404
535
54097
19739
74749
14866
67322
20922
50087
31788
53922
50327
24883
37602
83742
67454
66823
26769
73481
96216
62435
46717
28288
62976
89016
89231
58141
27286
15654
40022
92685
68045
91888
86958
55312
95199
65599
38270
45581
40064
99631
3547
11887
75663
50970
38026
93728
94409
69407
45795
3425
74840
35759
39377
50211
99529
31508
86102
21061
88219
34334
2155
41482
56243
84715
14404
6774
20909
49969
15666
18565
39181
92811
61667
16136
41331
91839
99716
65341
66508
55752
43078
93801
63525
96517
13534
20949
89435
10141
6727
58723
39726
44685
86850
47659
27828
62895
4733
3414
51209
97352
43442
90198
92420
66031
70182
77376
58789
96181
32498
2535
90443
36533
86526
44662
96514
60474
47817
98122
64761
43463
12997
3402
48626
38343
24448
25284
85650
82002
12573
81829
24344
30168
66881
52564
85323
99021
41545
64683
19275
86769
72280
35987
78762
73467
7983
26140
97300
70145
53909
64790
44008
90567
13014
72110
45803
8961
68392
56072
7474
30631
34376
78038
72733
1876
96963
56274
43524
70074
47697
89022
38121
62023
52411
3253
95276
26540
48925
26701
24029
62415
44199
80076
84844
7439
99165
49380
56093
42927
78879
87501
60184
90978
7971
59869
55324
62193
95133
2278
41203
70667
91680
24204
38369
82090
33183
44001
30134
5214
96492
79647
71427
10520
9378
5794
67369
97141
52254
89088
87437
7013
2856
69733
36583
90647
73360
8495
66426
4067
44595
62338
14750
23187
41372
54281
31865
8303
65895
52139
80972
47171
57345
78854
7529
84111
13227
16298
88099
19532
44061
66452
39358
86102
21128
67525
71077
36570
40372
27423
50266
14109
91464
57436
37928
88870
72807
38250
72340
27145
31415
77607
2098
2929
3614
54517
34228
16393
33829
18938
70013
62120
20414
34614
19764
68791
81122
10946
35796
58399
3091
64162
42976
1012
50432
30246
53204
13432
63047
86723
5974
43949
78708
66825
6923
62459
56680
70848
62503
23930
38325
8676
50620
50333
55654
64090
32019
62939
27579
37422
88569
48475
75601
10283
34768
14843
69600
57301
99175
62909
54271
39559
79492
79343
21506
71044
5725
87669
28579
52956
64294
49878
2207
13181
84196
22687
98295
68563
53984
95575
66070
7198
50392
62209
25458
14158
63311
58791
56044
22526
26852
13546
85650
37226
25601
835
69540
58766
47594
5140
48403
66492
73653
74352
80389
57625
5689
92547
89974
99093
18142
89919
81048
44710
98260
47749
44827
23040
56224
10028
44199
99635
42865
82833
83878
60416
91505
57148
16031
47001
28535
21066
48221
77429
60761
1052
55534
21836
92446
11260
10183
57365
20177
97831
30117
98650
7634
3355
2990
37812
57607
98430
10518
94025
78000
96360
15806
47038
28408
98639
61622
36602
40231
10925
83043
66490
40757
43728
56380
29738
87608
14109
25102
59110
28638
21954
29312
82669
41078
82295
36528
76959
87337
59824
61756
91635
99014
95810
34333
77464
54907
47631
43630
31846
83072
16880
10314
68991
90029
37950
84147
327
4971
85884
98703
18461
19272
76933
14605
65589
6660
21677
53574
42516
80617
18167
71422
87431
11191
68307
39241
69856
34205
93201
67146
15023
87140
3559
54391
73113
93541
36378
27192
14583
95515
13036
89711
15181
30579
25859
27121
93189
75104
87986
26674
5927
33259
71174
71615
18968
20519
98671
13029
61997
57922
48457
77935
88938
62872
3334
46892
94523
3394
29338
16431
58381
28108
64258
8944
82826
76739
4849
25520
26800
1293
13849
32442
66957
54259
72178
60324
79577
37561
92075
53461
17648
92783
99562
33408
25355
45216
54561
17455
89305
10183
99823
69019
17823
64577
30608
15351
96137
14461
22851
52909
77004
41008
16918
12512
14266
44230
51919
98705
3936
75539
5145
99356
19423
66599
35497
19170
10277
32863
27437
27650
77832
7352
52880
91041
14079
18143
26764
5129
30301
18148
64044
67405
25195
33645
59037
50474
57152
81127
81
38280
82303
37271
61935
87680
73614
2670
84026
10809
17198
86395
28348
73547
41532
23066
95759
50212
59843
4330
64393
72232
1211
74396
52897
76275
38370
33000
89410
17274
95445
97242
3115
89072
65388
81865
14816
16452
95855
26184
30288
32200
24345
41622
8196
96844
63304
55760
43393
89353
37053
7942
25018
78330
28534
84810
52630
48196
2597
54980
11705
32598
93261
47139
45585
52235
46937
45679
19168
10028
12537
17146
25248
42707
59897
45365
30968
13707
38944
80990
23706
46355
45282
44406
3126
61441
14370
39089
26334
49219
4424
4199
82327
98496
21723
66855
80377
91741
2363
77611
22179
71964
92093
37191
91230
53599
60388
90075
31820
19466
52344
45608
59181
98567
42470
2591
63214
72258
59188
14677
15150
71317
59903
19379
18158
77918
74739
42281
80661
70571
25222
59491
50973
5656
73809
86579
958
7952
85996
5486
82580
29263
52517
96755
64623
42600
17949
81989
52631
45378
93343
8314
62746
33693
11678
63053
70068
80083
53738
48686
11674
11481
81358
60920
60131
40804
30281
483
6515
20585
1863
32752
32292
92669
78043
18306
21172
2331
76059
45964
62950
83748
15064
16165
56853
47744
55449
81016
18460
25346
39923
70488
98715
36746
15623
28273
98663
76708
72664
8154
56273
1614
50887
37382
89777
95191
66989
49305
31919
5027
21236
34776
26989
12619
58482
76665
17108
49121
16259
55130
5658
16913
55618
88397
493
16131
41669
20721
67199
98684
58770
572
10798
19908
23361
71956
26510
82819
81551
62685
55669
69317
17211
27372
84514
28477
51778
43706
65355
80869
57938
60469
53858
6499
42060
81392
11396
95719
31483
53371
14750
11313
13132
42733
64956
19343
1737
61277
76239
40740
34518
40433
22297
75748
14982
64845
98040
33820
72666
60909
27789
25423
5880
32174
54505
85083
30053
47014
34515
82139
91775
83668
89208
77509
44249
59826
52655
91314
85875
2727
53032
13342
79509
41753
24368
34725
38536
71711
53667
50574
26705
60565
17679
20388
70283
34761
94177
18559
76128
52850
85487
74946
38211
72192
94721
58077
26637
4526
74140
14514
11667
25524
15117
90965
19392
55097
24942
69740
41236
38854
97560
86646
6584
16502
869
92360
17309
77609
82720
39282
40625
55384
48844
58176
7453
70370
4686
24381
16541
12645
36727
36498
31900
12361
16338
92652
14956
21174
25287
81628
50783
20645
39209
81112
57894
72564
25506
38046
89763
96435
87065
2648
47628
99100
65181
50747
65151
64352
45137
20553
26780
88956
21876
38871
23204
61706
83275
11881
42572
43603
81486
60825
50238
93730
6700
84311
42220
55828
32667
41674
8401
66476
49056
61205
72358
86723
7319
19797
86334
508
86592
49766
4447
17845
82054
95204
73469
18138
109
27471
66581
3252
80952
29705
69635
31871
86996
69401
39424
67321
51332
23346
40987
48949
27209
25805
8531
44176
48910
20178
49998
77787
88046
24502
53273
2262
9218
8798
93469
88638
68203
26530
49978
7390
18776
20333
91651
22337
83637
9633
30901
22887
86832
7319
33749
49109
85993
91460
79525
3847
42165
93111
36899
74529
367
61022
55071
25603
6044
30601
78134
26906
20601
57990
57807
97235
32099
93003
20690
34827
92163
3443
7552
6146
79188
68415
77875
76751
96466
66590
98707
20940
20737
94759
8849
93073
54551
52291
21380
80254
41351
22376
8381
40114
15019
1951
68041
37497
68909
44903
47780
97347
94834
69043
71316
4303
56803
18478
73001
52902
15258
52511
20718
6244
60774
82087
74860
20592
42074
1447
76892
80717
59224
14495
15175
45450
63509
31249
24220
13364
33097
8612
97132
6379
5782
48453
97894
21457
88979
87303
23850
82495
58548
6187
92876
39154
85367
12283
6087
75010
98349
35632
56732
45268
74210
30995
22502
63557
7916
25312
95578
44070
92876
87911
84864
47784
868
68461
25736
43949
19318
7151
50220
24158
38036
40646
64833
68186
25289
50406
53976
16203
10978
43872
35511
64085
32795
69000
50703
65544
30114
59888
80825
5813
3818
87187
90194
99166
48911
74543
4337
15909
67136
77257
66593
62470
24622
88532
81983
6209
25007
72364
82610
27823
63823
99101
19297
15798
48372
67425
15061
71351
42637
30822
33869
85701
75127
76269
26232
75664
45867
74543
39859
14015
55046
33818
4030
22620
92310
88857
35261
45866
3102
59762
87912
78865
73159
2345
3951
72378
67908
28162
17454
50742
15968
53700
65897
43160
1478
16152
70404
93699
79308
4369
27106
52574
41020
12549
89112
22117
55232
2297
29260
71609
92554
24668
83887
23159
25054
60106
96373
3397
10205
91952
18797
46729
66095
83087
54945
89812
72683
1913
29068
74363
1510
66969
17202
36871
92982
36847
79617
52322
17601
633
6754
6386
86375
91661
39228
62243
8617
85794
67525
66748
72340
86863
69958
28659
80622
38443
31818
9500
63388
52052
27170
84892
61773
98987
55256
95901
82343
96636
89966
58682
51372
1083
42483
73178
10280
77098
30017
46169
44794
32471
52022
66018
54876
44034
37932
22457
72433
82332
55255
9364
35179
47724
66683
85194
49238
6923
15368
14308
40196
69167
26227
34416
37781
56548
7794
42132
35298
9302
81171
37695
65767
67884
48665
77979
22539
55214
61556
35935
70029
43687
47101
65793
2380
16517
26443
59624
27635
14621
25748
76416
46912
32396
23460
16679
49168
59928
71859
72420
86600
27734
85606
30743
55298
15396
12836
79435
3794
81206
82355
10312
70004
4046
33071
15878
77557
18948
63462
92188
31482
47557
9427
93110
752
69368
80052
10660
16689
37052
26570
92527
72144
74029
97678
48614
19553
15205
53610
46071
20232
16575
74107
85050
26204
14390
80001
27399
60568
61260
22944
74152
3262
12104
29526
73512
54472
97879
76153
65195
34540
19090
25996
58903
74827
63904
4350
98352
75479
57106
22720
97826
74975
56204
94721
54295
1016
11428
83976
81608
60169
78243
716
4144
92051
95240
31891
15997
30939
91148
87206
9023
17366
38176
87885
83875
82704
47154
19692
52025
47640
98959
39065
18160
3596
70946
38713
52996
18748
91514
24119
49006
61054
7754
77888
6202
27725
6410
61470
38326
88510
9307
67118
9638
96066
84264
7840
11092
48113
85000
8043
18756
84505
20223
39658
85254
67714
46756
44695
36517
66685
22398
1858
81692