1824
2077
2327
3011
3610
4185
4665
5726
6318
6868
7394
7851
7975
10472
11164
12133
12139
12697
13531
14019
14606
14745
15439
16008
16348
16887
17192
18006
18206
18811
19283
19617
19875
20097
20272
20665
20854
21152
21871
21932
22985
23289
23383
24320
24603
24648
25491
25553
25600
25609
26106
27739
27836
28896
29033
29170
29322
29810
29852
29963
31133
31440
31640
31977
32691
33275
33616
33629
34211
34476
34585
35784
35982
35995
36828
38032
38336
39755
40510
40735
40814
40868
41251
41624
42154
42432
43050
43221
44264
44274
44458
44541
45145
46706
47234
47932
48195
49646
49694
50304
50631
51212
51438
52695
52819
54266
54312
54582
54680
54738
57397
57737
59518
61511
61781
61848
62807
62919
63750
64041
64402
64541
64819
64957
65909
65947
67312
67635
68050
68331
68451
69112
69688
69803
70490
70532
70752
70844
70861
71177
71785
72105
72815
73668
73735
74105
74271
74380
75261
75685
76700
77212
77278
77639
78395
78480
78481
78769
80225
80558
81951
82435
82698
82781
83723
84121
84549
84683
84807
84927
85002
85092
85135
85572
86420
86605
86635
86679
87144
87929
89290
89527
89589
92620
92997
94239
94321
94478
94890
95422
95847
95916
96188
97051
97190
97818
98497
98728
98884
265
310
2253
2780
2811
2892
5488
6108
6915
7187
7378
9443
9601
10238
12705
14685
15297
17465
17916
18381
18427
19518
21574
22331
22926
25129
26030
26676
28674
29513
30337
32842
32931
35174
36306
38791
38827
39280
41599
41874
42692
42896
47745
48251
49210
49953
50425
51591
51720
52403
52508
52775
53539
53992
55267
56280
56871
58148
59119
59773
59867
63273
63415
64520
64742
65085
66226
67185
67962
68105
69797
71721
72631
73750
74258
74462
74720
75358
76403
76482
76562
76943
82021
84566
85908
86658
87499
89868
89974
90327
90424
91079
91125
91943
92294
92958
93089
94321
99232
2479
2491
3115
3721
4274
4979
5263
6841
7489
8834
9580
10331
10620
11237
11747
12594
13362
13541
14850
15873
16040
18592
18813
19080
19532
20527
21370
21951
22693
22876
23652
23780
23855
24725
24946
25723
26000
26230
27266
28669
31879
32932
33784
35735
37428
38748
39562
40322
40797
42835
44106
46176
46348
46603
47075
48503
48835
50280
50746
51623
51987
53420
54546
56257
58290
64441
65092
65649
66367
67237
69035
70769
71356
71637
73056
74103
74327
74765
76379
77353
78423
78721
79110
80553
82524
84532
84728
84999
86106
88293
90275
90460
90941
91825
92453
93273
94711
95807
95897
96114
520
2751
3027
3979
9829
13209
13547
15476
16763
17064
17360
17445
20706
24474
25354
25412
26046
27891
29848
30387
31031
31677
31820
32232
32704
35058
35212
35592
35950
36019
36992
37803
38045
39021
40534
44183
44184
44829
45079
45590
45642
46719
47978
49469
51116
52486
53431
53747
54606
55185
56309
56331
57156
58357
59193
59768
60000
60890
61083
62584
63100
63379
64185
64532
64674
67478
69275
69837
69948
69985
71176
71184
72291
72757
72926
77441
78194
78585
79999
81122
82079
82489
82940
83014
85099
85230
85278
86167
89316
89892
90151
91103
93556
94370
95324
96798
97384
99018
99734
5
885
1411
1518
4186
4262
4710
4847
8983
9107
9193
9407
9851
11982
16591
17534
18812
19309
19702
19784
22132
22308
22640
22810
23476
25866
26750
28487
30815
31531
32300
33181
34785
35155
36996
38511
38560
42262
42924
43699
50122
53281
54822
55655
55847
56140
58087
58229
59678
60301
60969
61566
62353
63478
63758
63921
66501
66539
67432
67475
67716
68372
68468
68891
68923
69082
69106
71469
72592
72685
73211
76114
76514
76943
78057
79509
80076
81083
82756
86005
87005
87247
88517
88825
90845
90885
93462
93921
94231
95362
95510
95874
96465
97202
97299
97648
97777
98127
98839
100
592
972
2010
2492
4028
4745
5140
5778
6734
6735
6758
7902
8193
8409
8723
9355
10378
10678
10765
11631
13371
13444
14982
16737
18541
18626
19453
21559
21854
23001
23461
23541
25399
26527
28192
30275
30492
30527
32392
34403
38753
39579
40026
42104
42870
43231
43603
46375
46958
48236
49683
54762
56081
56610
57137
57309
57709
59932
60201
61549
61707
62173
63562
63960
66712
70701
71626
74207
74820
74921
74966
75040
76143
76753
76825
77593
77878
78631
79702
79959
80511
82248
83741
83767
84338
84623
84662
85542
85842
87299
87737
88175
89770
91730
92700
95457
96899
97201
98358
1510
1711
2472
3043
4122
4143
5644
6634
6641
8596
8857
9147
9885
12728
12992
13447
14065
14556
16335
19873
20252
22006
24124
26335
28048
28097
28631
33226
33433
35101
35971
37509
38114
39784
39971
40394
40971
41687
42277
42806
43273
43699
47277
47460
48285
48933
49822
50727
50871
51683
52189
56172
56894
58552
59201
60735
62122
63882
64627
65347
66372
68675
69969
72205
73235
75376
76396
77891
78068
78220
79173
79772
79987
80489
81054
81912
82240
82426
82551
83213
84631
84876
85141
85381
86612
88094
88166
88418
89614
89886
90064
90924
93358
93518
95219
97023
97125
98783
99056
839
939
1624
3032
3890
4198
4469
6777
9173
9985
10043
10275
11034
11691
11827
12757
13053
13805
14614
16116
16494
16625
17469
17541
18740
19312
20656
22243
22469
23573
23755
24001
26035
26424
26459
26787
30194
30543
31210
33085
34185
34369
38220
38436
40494
42039
43327
44220
45195
45219
46401
46412
46721
46780
47916
48082
48308
53929
54367
55095
55266
55548
57209
57234
57671
61807
62360
63984
65383
65471
67511
67744
69457
69801
69841
71052
73192
74534
74843
76698
76744
77481
78503
78773
82470
82624
83150
85736
85951
86450
86855
87291
91070
94748
95026
98219
98927
99127
99750
99894
378
472
1114
1889
2651
2920
3260
3339
5172
5579
6564
7380
8477
9336
10880
11842
13592
13753
15760
17175
17347
17771
17806
21838
23312
26071
26518
27006
28417
29064
30127
31489
32568
34233
34238
35069
36373
38180
40461
44636
45596
47206
47260
47394
47981
48424
49263
49552
50889
51714
54011
54382
55891
56843
57642
57670
57706
59668
61640
61955
62306
63486
63691
64145
65044
66337
67337
67441
68684
69226
69514
70270
70997
71871
72180
72767
73606
74498
77477
77808
78642
80611
81791
83086
83762
84206
88610
90781
90871
91465
94017
94663
95387
95531
95854
98562
99195
99644
99784
840
2307
2976
4158
7022
8005
9049
10322
12372
12538
14090
15241
15359
18937
19658
20055
20834
20994
21215
23994
24407
25001
27154
30332
33057
33171
33415
34487
34739
34814
34978
35086
35601
35984
36507
36757
36815
38481
38639
39069
39842
40297
40952
42123
42434
48558
49526
49956
50177
51117
52871
54014
55348
55923
57332
57960
58757
59575
59578
59615
61037
61116
61582
61967
62575
66852
67470
69277
70731
70825
71597
74023
74324
75217
77800
78241
78636
81345
82662
83642
84549
86674
87123
87326
88119
88662
88957
89315
89479
91400
93195
94282
94936
95230
95393
95469
95906
96851
97555
99584
2062
2897
3277
5611
8604
9324
10087
11395
11556
12972
14519
15808
16243
17035
18888
19533
20719
20992
21223
22017
22342
22497
22953
23184
26553
27409
27556
28226
28301
29101
29310
29991
30389
31157
31416
33267
33476
34675
35261
35537
35610
35724
36660
37932
38381
38779
40678
44678
45021
45258
46121
47811
49521
49659
51302
51857
51919
51942
52172
54093
55433
57108
57530
58920
58985
61086
66355
66812
69617
69631
69966
70772
71694
71731
71862
74129
75703
75797
75834
76679
79195
79526
81325
82826
82838
83951
84170
84337
84773
85261
85574
85609
86972
88293
89603
93937
94156
94420
96377
272
2033
2774
3158
5054
6504
6662
9183
9907
11097
11355
11420
11871
13115
14152
14216
15274
15442
17751
18739
23428
28655
28663
29619
31252
32604
34588
35902
38577
39058
41370
41403
45595
46485
47056
47099
47918
48638
49211
49319
49876
50316
50399
51590
54053
55292
57059
57257
59009
59345
59420
61053
61099
61185
61942
62663
63741
64509
64610
65592
65713
67473
68762
69107
70513
73031
73190
74126
74625
75705
76270
78291
78631
80127
80242
80468
82149
82220
82569
82592
83950
85885
85976
86750
87286
88993
89009
90397
90442
90462
90849
92947
93592
95137
95571
96579
97663
97784
98050
98470
3544
4955
5086
5122
5180
5209
5285
5936
6969
7051
7998
10143
11693
11853
11906
13595
14495
14706
15491
18811
19674
19831
21369
23966
24044
24566
24812
26981
27420
27517
30046
32849
33367
34713
34744
35978
36119
36183
36571
37833
38506
40028
41093
41845
42057
42106
42324
42861
43594
45825
46761
49683
49855
51779
56613
57029
57258
57372
57486
58967
59850
60015
60343
61906
62304
62310
62571
62691
62997
65593
66565
68636
68857
68959
69382
70814
71361
72437
72589
72829
73850
73952
76225
78585
79222
79298
80918
83169
84449
84465
85581
88582
89059
92697
92985
93068
93820
95912
96573
82
256
502
542
589
813
3905
8289
10207
10895
11666
12836
13508
14286
14686
15219
18320
20664
20732
24471
26135
27154
28997
31162
31656
32031
34125
35509
40451
40810
41340
42136
44132
44434
44713
45070
46404
48105
48701
49325
49502
50596
51119
51186
52269
53009
53134
53505
53821
54068
55458
56246
56933
57219
58843
60054
60237
60344
63917
64752
66096
67517
68456
70066
70254
71206
71619
72952
73682
73852
74091
74353
75070
75914
77105
77428
78483
78941
79170
79179
79605
79644
83027
84309
84352
86970
87697
89712
91109
91232
92332
92825
95085
95517
96725
97514
98185
99188
99335
99451
599
2176
4420
5807
8510
12108
12319
13242
13560
13762
14728
15125
16056
16139
16407
16587
16692
17483
19226
19290
20348
21555
22962
23288
24722
25379
26256
26529
27466
28882
29243
29763
30177
31177
32576
32663
33950
35748
38535
39816
41735
44149
45189
45458
46466
49052
49209
50276
51038
52476
53346
54583
56047
56707
56817
57964
58307
59404
61204
62136
63333
63690
65478
65662
70322
71249
71275
71397
71444
71471
71905
72149
72449
72604
72714
73355
73572
73807
73824
74087
74554
74644
75605
76003
76518
76980
77147
78821
79398
80018
81871
82847
83441
85896
89645
90606
91831
95031
97936
627
3254
3683
4185
4856
7475
8612
9340
10462
11049
11299
12258
14449
15912
16160
18187
18766
19356
19371
20847
21438
21760
24098
24123
25196
25273
27861
28596
30027
31132
31826
33143
34695
35663
36007
36031
36654
37420
38081
40331
42777
44780
44844
45386
45427
45805
47390
47780
48947
50353
50749
54220
56173
56270
56464
57643
59171
60714
62056
62411
62424
62610
65593
66795
68469
68815
69769
69855
70858
71264
71550
71879
73744
73842
74911
75281
75283
77102
77589
79008
80103
81238
82504
82741
83274
84491
87634
88131
88768
90435
92018
93219
93319
93565
94712
95189
95449
95531
96611
97287
580
1293
4213
5670
7534
8238
8946
9411
9954
10260
11042
11179
11411
12020
12787
15150
15479
15569
19353
21415
23040
23667
26623
26842
27813
28262
28373
28643
29892
29914
30066
30635
30866
31984
32604
33738
35721
36563
37387
37937
38700
38828
39678
40094
42220
42676
44126
44199
44519
46259
47613
47622
47638
49027
50680
50864
51330
52866
53414
57885
59003
59214
61749
62316
64172
67219
67503
67662
69008
69663
71920
73108
75215
77594
78852
79196
80193
80720
81553
81616
82364
82607
83090
83233
84369
84769
85145
87211
87492
87692
89285
90541
91404
92210
92685
93040
93573
96794
97049
1029
1799
2559
3323
5201
6173
7091
7583
8093
8489
8892
9844
9971
10452
10561
10741
11164
11176
12145
13565
14327
16422
16488
17178
19397
20796
22018
22877
23695
23759
24519
25263
25976
25999
26291
26394
26523
29804
29858
30948
31032
31607
32786
32867
32901
32922
34557
36113
36715
37454
37811
38320
38932
41366
43375
43904
43963
44459
48878
50054
51366
53234
56043
56319
56675
57842
59110
59733
60129
61315
61698
62770
63739
66784
68336
71105
71888
73326
74030
74459
75385
75990
79787
79793
82956
82958
84030
86995
87262
88751
91617
92974
94441
95430
95651
98121
98281
98879
99154
1731
2012
2943
5525
7804
7894
8408
9015
9054
9278
11222
13236
14809
14849
15394
15754
16012
16075
16942
16958
18007
18581
18714
19971
20938
21025
21157
22268
23543
24334
25617
25796
26066
26072
26079
26638
29616
29878
30821
31274
32384
34987
36001
37690
39752
41787
42511
42705
43135
44084
44104
46711
46911
46952
50474
52851
55496
56103
56790
57021
57754
58092
63206
63708
64573
64681
65414
67680
70921
71963
72452
72627
74578
75857
76188
77328
78243
78317
80951
82060
83471
84107
86313
87025
87844
89324
89567
89584
90972
90985
91729
92817
94635
94689
96844
98061
98291
98757
99444
217
424
1173
3763
3960
3961
6197
7463
7829
8229
8252
8388
9597
10298
11252
11498
11783
11842
14488
15651
16275
17334
17521
17625
18181
18221
18418
18630
19200
19357
20374
22381
23158
26285
26558
27300
28407
29060
29620
31380
33932
33973
34336
35472
35526
35529
35821
39090
40365
41727
42589
43232
43476
45382
46154
47297
47456
50198
51075
51102
55139
55997
58095
58712
59608
60292
61932
62823
63855
64312
69904
70575
70977
71696
73691
73821
74050
74614
75343
75540
76929
77562
77603
80999
81506
81861
83911
85457
85829
87251
87465
88574
89922
90636
90836
91005
92798
94232
94411
99124
176
1081
1091
1681
3607
4675
5015
5223
5891
6069
8123
8451
9788
10853
11560
11947
14319
14954
15377
15494
15527
15602
16395
16930
17146
19428
20681
23207
23421
23556
25173
26086
28087
29036
29989
30995
31251
32520
32742
32938
33682
34121
34193
35063
35106
35405
36813
40965
47179
48643
48839
49469
50424
50484
51871
52115
52580
53061
53915
55359
56051
56588
56724
57760
58393
60240
64593
65967
67869
68529
70925
72212
73383
76223
76563
77166
82065
83270
84048
84627
84730
85132
86345
88177
89577
90234
90858
90948
92020
93487
93750
94158
94159
94528
98625
99026
99173
99472
99587
367
496
1121
1239
3090
3315
6245
6842
7337
8004
10785
10872
11367
11622
11691
12185
13101
14434
17660
19500
19612
19679
19890
20487
21591
22554
26636
27086
28529
30613
31232
31623
33814
33911
34208
35402
35836
37316
37545
39580
40020
41047
43366
44653
45387
45576
45647
46123
48573
49150
49968
50192
51323
53001
53096
54708
55194
55276
55827
57659
58064
58517
59553
62551
62944
64057
64213
64400
65100
65188
66965
67202
68032
68082
70777
72345
72737
73866
74801
77032
78056
78305
78678
79205
80691
81567
81579
84179
84740
84881
86788
87317
89060
90506
94429
95134
95844
96541
98421
99801
561
1030
1188
2434
3115
3677
4332
4414
4742
5420
5585
6366
6508
6662
8060
9410
9799
10584
12198
13853
16908
17285
17625
18064
18552
18581
18785
20590
21356
21431
23488
27587
28120
29977
30041
30410
31841
32097
32552
32571
33573
34255
35587
35850
42188
42832
44373
47215
47404
48103
49348
49682
50137
50141
50197
53767
54530
57267
57355
57777
58653
59982
60921
61067
62952
63282
63376
63554
64293
66730
68976
71196
73480
74007
74787
78412
80133
80258
80305
81370
83380
83991
85164
87333
88810
90383
90393
92059
92506
93058
93905
96300
96818
97144
97731
98778
98818
98919
99558
213
1219
1692
2591
3309
3443
4094
4252
4529
4718
5437
5695
6357
6757
8318
8604
8886
11689
14941
19905
23617
23902
24198
26242
26587
27883
28393
29113
29358
30623
31124
32367
34724
35264
35275
38027
38684
41036
41499
41867
42244
42649
43513
43738
44790
44856
44998
47779
48321
48675
48873
49676
53810
53843
56427
57395
61766
62622
62639
63394
63754
64203
64309
65246
66420
66867
67026
67795
69403
69454
70881
71649
71996
73382
74819
76187
76660
81600
82560
83510
83897
84555
85399
85988
89306
89355
90078
90079
90311
90430
90691
93531
94441
94560
94572
95120
96685
97424
97970
98101
1399
1527
3072
3767
4151
4559
4677
4804
6363
7167
8977
9266
10343
11804
13311
15929
16117
16965
17590
19761
20055
20486
20688
21873
23044
23223
26631
28402
31281
31360
31559
31628
31693
32415
33761
34262
35453
36617
39172
40232
40524
40611
41327
42042
42231
42521
43140
43470
43554
43924
46393
47131
47890
48508
49998
50801
54271
54430
54551
55337
56849
56956
58383
58405
61129
63744
64508
65801
65926
67751
69212
69895
73214
73638
75177
75545
77083
78140
79120
79422
80397
80409
81098
81738
82167
82762
83539
83951
86155
87441
87772
88391
89187
91060
91495
93601
94756
96177
96984
731
1051
3765
6068
6450
7202
14288
14431
15479
15668
16126
16312
17851
18403
18521
19682
19692
20220
20657
20669
20681
24352
25480
25530
25909
26118
26547
27986
32240
33566
33878
36807
36814
37454
40035
40328
41504
42440
43553
43628
44196
45131
48407
49118
50188
50855
51345
53386
53538
55387
55715
55910
56027
57071
57656
59675
59880
60066
61739
62874
63835
64535
65790
65914
65941
70665
71033
72195
72777
73680
73997
74414
75110
75839
75865
76065
76747
78338
79879
80417
82101
82935
83264
83693
85142
86690
89135
89318
90469
92357
92586
93254
95928
96086
96116
96976
99031
99235
99319
99405
2924
4094
7547
9007
9790
11232
11806
12107
12346
14354
14652
16902
18318
21251
21643
21676
21933
22494
22661
28735
29075
29321
30820
34083
35720
38372
38649
39098
39835
39930
40427
40646
40652
41161
41293
41351
41979
43366
45046
45734
46692
48580
50773
53138
53880
55043
56520
56896
57135
58982
61652
62298
62741
63183
63623
64469
64729
66902
67475
67895
68381
68628
69330
70773
70904
71023
71288
71814
73129
73827
74457
75367
76152
77559
77587
78685
79049
81093
81396
82743
83527
84697
85506
86473
87718
88057
90443
90512
92522
95224
96197
96539
96780
97394
98095
98623
99042
99104
99730
10
846
1253
1778
3162
6755
6802
7058
7849
8332
10642
10671
12510
13853
14546
15456
15621
19553
20457
20612
20640
20796
22676
25717
26464
26753
27270
29273
34390
34976
35576
35697
36265
37229
37358
38626
39623
39770
39804
40557
41900
43112
43487
44647
45019
47192
48917
49842
51288
51349
51897
52292
52649
52757
53211
54329
57579
58652
60387
62098
62476
64406
64591
64653
64850
66051
66402
66799
66868
66925
66992
67764
68363
70641
71365
74779
76865
77040
77766
78011
78673
79731
81890
82186
82553
83425
86132
86334
88220
88221
88518
89873
91299
91447
91521
92295
96591
97190
98395
99696
4603
6032
6119
6749
7071
7166
8178
8324
8893
9862
10316
10564
11404
13538
13891
13910
16002
16505
16585
16852
18893
19451
19711
21550
25189
26791
26892
27033
28491
28605
29191
31027
31090
31721
31721
31787
31893
32852
34616
35225
35314
36079
36331
36498
37705
37967
38425
39309
39349
41382
41773
41880
41985
43154
43762
43864
44501
45286
46941
47535
49334
53863
53869
53917
55018
58002
59046
59301
59398
59627
65406
68576
68623
69217
69607
69705
70721
74550
75003
75571
75610
79437
80042
80512
81374
81557
81780
82587
85315
88623
89229
89914
90897
91906
93506
94650
97293
97546
99582
85
382
1064
2936
3329
4576
6257
6718
6806
7964
9199
9388
9536
9919
12124
12514
12552
14555
17503
17828
18907
20724
23635
24699
24701
24917
27342
27504
29010
30848
31920
33164
33324
33505
33699
34526
35319
37654
38108
38767
39997
40929
41520
42361
44147
44304
44958
46594
47353
48331
50853
51600
52851
53930
53968
55401
55634
56022
56580
60566
63213
64260
66397
66832
68382
68559
69188
70373
70594
70928
71322
71852
71980
72575
75999
76209
76952
77440
77508
78580
79040
82371
82512
82768
82841
84966
85355
86666
88977
89017
89603
90882
91611
91785
92912
96029
96524
96755
98530
98800
4
605
724
1772
2024
4445
5857
7036
9002
9247
10383
12672
12813
14130
16270
16538
18430
19398
23883
26091
26939
28516
29311
29416
29792
29798
30181
31360
31741
34258
36665
37311
37472
37981
38324
39373
40786
41059
41404
41635
41698
42093
44335
45638
47961
48406
49103
49439
50153
50409
50858
51679
52199
53757
56222
56683
56785
57672
59025
59824
60498
61045
61676
62376
62386
63243
63291
63740
64663
64775
66023
68689
70763
71915
72153
72710
73395
77358
78818
79626
80578
81607
82587
83674
88058
88484
90025
90256
90778
90964
91013
91875
92243
93213
93526
94240
94463
97297
99004
402
1299
3581
3953
4041
4601
5783
7961
8434
8631
9478
13852
14662
15101
16338
19856
21157
21578
22637
23949
25422
26366
27047
28585
28839
29471
29658
29936
30046
31209
31403
35889
37955
38089
38717
39991
40171
41577
43398
43658
44244
45560
45792
46695
46884
49018
49349
49631
52360
54196
55011
55242
55620
56293
57829
61246
61386
62115
62995
63540
63556
63738
64881
69168
71827
71941
72191
73975
74293
74423
74507
74606
76162
76253
77767
79182
79699
80619
81476
82151
83066
86426
89001
89935
90172
90202
90227
90463
91848
92998
93035
93857
94122
96027
96676
97467
98618
98684
98796
99273
251
724
1210
2531
2756
2821
5358
5394
10300
11190
13800
14902
15329
16316
16622
17172
18611
18735
20489
20798
23980
23988
26059
27155
27759
29416
31610
32392
33237
33269
33582
36723
37050
37133
37374
42141
43018
43169
43935
44310
44429
46399
46654
47599
48646
49236
51280
51683
51815
52406
54146
55653
56447
57447
60228
61805
65129
65206
65789
66882
68822
69697
69824
70086
71367
71422
72365
72396
74617
74859
76192
78005
78007
78724
79738
80802
81289
81644
82844
83104
83160
83193
85366
86114
86196
87137
88247
91940
92111
92536
93631
95003
96998
97549
97756
98533
98835
98835
99075
787
969
1320
2309
5855
7762
9300
14476
16984
17223
18535
19802
20117
20684
23405
24862
25001
25099
27602
28398
29076
29364
30015
30947
32305
32782
33715
34644
35201
36220
37026
37866
38849
39902
39972
40004
41471
41801
42016
42162
42813
44790
45211
45421
46248
46319
46916
47182
47962
50082
51785
52698
52802
53562
54532
55241
55991
56526
56655
57376
58343
60339
62841
63736
64241
64820
65037
65128
66592
66633
69437
70288
71731
71757
72179
72388
74052
74759
76197
77420
78828
78955
79092
79778
80286
80583
82828
84044
84416
84582
86758
88920
90320
90713
94970
95624
97567
98292
99492
151
342
1397
2290
4206
5533
6052
6339
7027
8898
9041
10057
12127
12398
12768
13255
13418
13628
14130
14536
15390
16688
19852
21324
21800
25890
26234
26610
26732
26757
29974
31916
33005
33646
34097
34267
36945
38323
40667
40765
41145
41839
44246
46345
47945
50793
51625
51687
52475
52734
53347
54831
56267
56441
56911
57248
58657
59385
62387
63606
64681
64818
65545
65669
65669
66807
67325
68230
68399
68911
69076
69111
69140
70086
71261
72169
72274
72808
73996
75897
76580
76896
78132
79301
79878
79999
81765
82673
83814
84055
86550
87183
89017
91681
91773
92599
96699
97593
97745
99919
183
926
1136
1925
1982
2492
2890
3236
3346
3929
11597
12820
14738
15112
15454
17298
17347
17484
17590
17831
18546
19485
22509
23038
23202
24026
24689
25970
26135
26237
26549
26770
27903
28034
28286
28440
29232
31817
32618
33123
33355
35133
35299
36802
37174
37986
39139
43016
43394
43957
44265
44307
44940
45275
45367
46296
47754
48509
50764
51976
52195
52447
52854
53083
53172
55250
58739
58759
59632
59815
61585
62444
62843
64099
65944
66454
66962
67159
68287
72055
72232
72353
74460
76852
78580
79098
79474
81010
81624
84036
87594
88446
91081
91607
94091
94495
95519
96021
98979
99298
1974
2041
2578
3853
4456
4474
4814
5055
5517
6718
7087
7562
9358
10242
10439
11026
12365
12668
12690
14849
15859
18585
19013
19795
20822
21894
21956
22138
22615
23807
24191
24225
24435
26163
26396
27593
29495
31749
32429
34344
38235
38604
39616
39776
40421
41166
41583
42412
43697
44529
48139
51749
52479
52769
52911
53507
54406
54523
55029
55056
55581
59182
59231
59832
60204
60511
60541
61351
61480
61679
65584
66031
66546
68010
68345
68372
70700
73208
74616
75544
76103
76884
77941
78182
78939
79707
83455
83730
87163
88924
89624
91645
92034
93673
94414
95823
96275
96451
99127
357
523
571
1646
2170
3312
6662
9132
11025
11039
11260
11672
11684
11717
11784
11852
12981
13198
13279
13847
14003
15005
16668
17677
17881
20163
20190
20518
21975
25137
26233
29291
30532
33104
33515
34547
35003
35316
39954
40838
43657
46674
46929
47019
47484
48657
49881
51135
51139
52294
52871
54130
54315
54435
54484
55044
56797
57315
58221
59877
60095
60741
62232
62246
64151
64578
64620
66664
68515
69329
70635
70999
72912
74519
75371
76030
77049
80536
80839
82094
82367
83196
83763
85000
85285
85353
85764
87267
88368
88945
90183
90868
91491
91591
91911
92373
93072
93503
95969
96768
747
1332
4406
5867
11353
12873
13896
14229
14905
15100
15525
15676
15908
16692
19999
20579
21145
21489
22886
24174
24959
25207
26116
26854
28793
28970
29001
29393
29883
30457
31090
31181
31436
31592
31685
32986
34560
37056
40210
40704
41489
43444
44588
46667
47451
47717
48389
48609
49248
51054
51961
52137
52880
53185
54633
60970
61353
63156
64960
65642
65865
69416
71024
71110
71527
71977
72602
73408
76766
76942
77198
77713
80198
80434
80576
81631
81690
82278
83607
83666
87258
88019
88455
88863
89588
89725
90701
90989
92468
93230
93649
94556
95251
95326
96251
96410
96558
98441
99301
65
284
781
1114
1132
2157
2207
2926
3426
3749
5599
6756
8870
8886
9867
10465
11570
13733
14694
17679
19184
19980
22351
24193
24333
24515
24887
26163
27315
28091
32143
32664
33236
33298
33437
34077
35370
37678
38321
39358
40094
42280
42413
43825
43943
44519
44665
47044
47091
47494
47501
47698
48023
49806
51030
52333
53100
53634
54792
56539
56969
57781
58527
61113
61277
63758
63820
63825
68356
69773
70833
71481
72944
74324
74802
76458
76553
76763
76797
77134
77397
78121
78592
81321
81469
82142
83215
84686
84924
86471
88067
88752
90012
91969
92284
93917
94485
97151
98455
99105
1032
1452
3026
4145
4879
5011
5964
7055
9185
9955
14057
15094
15547
17294
17364
17454
17743
17785
21714
22030
24895
26279
27081
30384
31791
31915
34344
34357
36753
37454
38253
38462
39353
41770
42774
42817
44036
44718
46288
46713
47428
49170
49397
50254
51682
56523
56775
56944
57021
57351
59672
59971
60948
61205
61548
62072
62214
63810
65431
66558
68112
68654
70582
71972
72433
73355
73723
74340
74366
75116
76992
78503
80183
80233
80736
81571
81936
83257
83283
83576
84283
84999
85239
85704
86318
86758
88566
89597
89867
90893
91818
92571
93002
96118
96918
96973
97020
98426
99395
842
2727
3561
4440
5220
5703
8192
10320
11186
11313
11595
11674
11836
13498
13955
14170
14749
15054
15185
15909
19146
21219
22014
25972
26933
27632
32150
32185
32614
33976
34374
34786
36864
37351
37441
38466
38491
39221
40591
43875
45331
45619
45636
45639
46519
47223
48069
48861
51530
54173
54213
54251
55239
55997
57350
58645
59083
60716
61629
61742
61764
62222
62585
62849
64687
65315
66518
66640
70945
71614
72277
72517
74382
74484
74627
77607
77750
79224
79620
79695
80962
81655
82117
82310
83195
83460
83533
85379
86867
87393
88924
89222
90779
92703
92904
93034
93468
93602
95142
98848
818
1239
3048
3360
4049
4280
7103
7188
8594
8638
8831
10390
10440
13026
13178
14492
15939
16956
17749
18196
18380
21628
24929
26010
26287
26899
27455
27538
27614
28163
28888
29344
30578
31191
31236
33101
33233
35446
36337
36349
36533
36776
37044
37455
38096
38852
39321
39543
39747
40667
41061
45446
46971
47058
47519
49199
49521
50028
52444
53530
54136
55055
55659
55964
56656
57097
57191
58880
61985
62011
64178
64794
65206
66160
68957
71062
72980
73058
73172
75670
75962
76371
77521
80724
83676
83891
87301
87532
88372
92607
92943
93898
93978
95304
96554
97174
98034
98652
99462
2713
4130
5065
6190
7019
9265
10713
11731
12225
15375
16248
17180
17333
18225
18924
19108
19909
21247
22393
22471
22713
23320
24597
25286
26228
26573
27441
28377
29521
30319
30483
30614
31540
34564
35691
36798
38400
39323
40331
42195
42229
42300
42473
43801
45123
47742
49526
49615
49739
49749
49924
50058
50865
51711
53477
53576
54394
54947
57716
57914
58775
62246
65165
65922
66024
66043
67107
67289
68746
69334
70118
70620
74846
75638
76811
77869
78965
78982
79208
80555
82394
82623
83226
84605
85053
85785
86374
86542
87693
88035
90595
92366
93172
94605
94947
95618
96049
96951
97237
99199
814
1169
2067
2693
2734
3528
4546
5382
7899
9239
9454
9704
9756
9768
11817
13236
13544
13929
14844
15122
16583
16851
17155
17628
18723
20573
22152
24242
24600
24613
25151
25377
25387
25589
26718
27830
27951
28242
29300
29614
31262
31654
38457
40146
41570
42783
43598
44572
46136
47822
48822
49409
51652
51739
52792
53688
56478
59373
61085
62131
62342
63463
63471
64330
64849
65195
65508
67089
67655
70419
70664
71208
71328
71347
71537
72307
72451
73142
74065
75768
77436
78440
78818
80560
80653
82906
83890
85408
88347
89766
90267
90624
91150
92104
92780
94124
96947
99002
99879
2389
3631
4392
5468
6520
7439
8039
8384
8981
9075
10116
11162
11490
12329
12868
14237
15403
16044
18369
18870
18992
19822
20297
22821
24968
25284
25789
26366
26956
27094
28016
29756
29774
30068
30786
30886
31371
32348
33450
35060
35556
35594
36458
36596
36630
38243
38670
39328
40023
42506
43858
45171
46689
50788
50800
51144
51330
51473
51777
52130
52919
53639
53817
57563
57598
58472
59312
60632
60667
61839
62193
63033
64030
66599
68120
70201
70486
72793
73870
75139
75483
79329
80329
80367
80960
82719
82725
82967
84662
85518
86080
86254
90098
90128
93228
95877
96921
98524
98969
49
198
1800
2686
2827
5402
5969
6805
7621
8541
8625
8709
9174
9734
10345
10591
13916
14595
17655
22464
22559
22904
23440
24900
26877
27258
28216
29789
31330
32553
33893
35761
36476
38098
38362
39564
39706
40120
40246
40413
40495
40668
40758
41372
41930
42287
42315
42436
43068
44567
45580
45805
46414
46543
47575
48610
49109
50442
53779
54351
54711
55221
55890
58041
61844
62442
63631
65801
66533
66885
67695
69970
70176
70327
70439
70468
71527
72851
73019
75014
75734
76310
79638
79981
80448
82044
82841
84096
84134
85825
89621
89869
90935
93433
94489
95374
95511
96659
98731
535
2155
3425
3547
4733
6727
6774
10141
11887
13534
14404
14866
15654
15666
16136
18565
19739
20909
20922
20949
21061
24883
26769
27286
27828
28288
31508
31788
33600
34334
35759
37602
38026
38270
39181
39377
39726
40022
40064
41331
41482
43078
43356
44685
45581
45795
46717
47659
49969
50087
50211
50327
50970
53922
54097
55312
55752
56243
58141
58723
61667
62435
62895
62976
63525
65341
65599
66508
66823
67322
67454
68045
69407
73481
74749
74840
75663
83404
83742
84715
86102
86850
86958
88219
89016
89231
89435
91839
91888
92685
92811
93728
93801
94409
95199
96216
96517
99529
99631
99716
1876
2535
3253
3402
3414
7439
7474
7971
7983
8961
12573
12997
13014
19275
24029
24344
24448
25284
26140
26540
26701
30168
30631
32498
34376
35987
36533
38121
38343
41545
42927
43442
43463
43524
44008
44199
44662
45803
47697
47817
48626
48925
49380
51209
52411
52564
53909
55324
56072
56093
56274
58789
59869
60184
60474
62023
62193
62415
64683
64761
64790
66031
66881
68392
70074
70145
70182
72110
72280
72733
73467
77376
78038
78762
78879
80076
81829
82002
84844
85323
85650
86526
86769
87501
89022
90198
90443
90567
90978
92420
95276
96181
96514
96963
97300
97352
98122
99021
99165
1012
2098
2278
2856
2929
3091
3614
4067
5214
5794
7013
7529
8303
8495
9378
10520
10946
13227
13432
14109
14750
16298
16393
18938
19532
19764
20414
21128
23187
24204
27145
27423
30134
30246
31415
31865
33183
33829
34228
34614
35796
36570
36583
37928
38250
38369
39358
40372
41203
41372
42976
44001
44061
44595
47171
50266
50432
52139
52254
53204
54281
54517
57345
57436
58399
62120
62338
64162
65895
66426
66452
67369
67525
68791
69733
70013
70667
71077
71427
72340
72807
73360
77607
78854
79647
80972
81122
82090
84111
86102
87437
88099
88870
89088
90647
91464
91680
95133
96492
97141
835
2207
5140
5689
5725
5974
6923
7198
8676
10028
10283
13181
13546
14158
14843
18142
21506
22526
22687
23040
23930
25458
25601
26852
27579
28579
32019
34768
37226
37422
38325
39559
42865
43949
44199
44710
44827
47594
47749
48403
48475
49878
50333
50392
50620
52956
53984
54271
55654
56044
56224
56680
57301
57625
58766
58791
60416
62209
62459
62503
62909
62939
63047
63311
64090
64294
66070
66492
66825
68563
69540
69600
70848
71044
73653
74352
75601
78708
79343
79492
80389
81048
82833
83878
84196
85650
86723
87669
88569
89919
89974
91505
92547
95575
98260
98295
99093
99175
99635
327
1052
2990
3355
4971
6660
7634
10183
10314
10518
10925
11191
11260
14109
14605
15023
15806
16031
16880
18167
18461
19272
20177
21066
21677
21836
21954
25102
28408
28535
28638
29312
29738
30117
31846
34205
34333
36528
36602
37812
37950
39241
40231
40757
41078
42516
43630
43728
47001
47038
47631
48221
53574
54907
55534
56380
57148
57365
57607
59110
59824
60761
61622
61756
65589
66490
67146
68307
68991
69856
71422
76933
76959
77429
77464
78000
80617
82295
82669
83043
83072
84147
85884
87140
87337
87431
87608
90029
91635
92446
93201
94025
95810
96360
97831
98430
98639
98650
98703
99014
1293
3334
3394
3559
3936
4849
5145
5927
8944
10183
10277
12512
13029
13036
13849
14266
14461
14583
15181
15351
16431
16918
17455
17648
17823
18968
19170
19423
20519
22851
25355
25520
25859
26674
26800
27121
27192
27437
27650
28108
29338
30579
30608
32442
32863
33259
33408
35497
36378
37561
41008
44230
45216
46892
48457
51919
52909
53461
54259
54391
54561
57922
58381
60324
61997
62872
64258
64577
66599
66957
69019
71174
71615
72178
73113
75104
75539
76739
77004
77832
77935
79577
82826
87986
88938
89305
89711
92075
92783
93189
93541
94523
95515
96137
98671
98705
99356
99562
99823
81
1211
2597
2670
3115
4330
5129
7352
7942
8196
10028
10809
11705
12537
13707
14079
14816
16452
17146
17198
17274
18143
18148
19168
23066
23706
24345
25018
25195
25248
26184
26764
28348
28534
30288
30301
30968
32200
32598
33000
33645
37053
37271
38280
38370
38944
41532
41622
42707
43393
45365
45585
45679
46355
46937
47139
48196
50212
50474
52235
52630
52880
52897
54980
55760
57152
59037
59843
59897
61935
63304
64044
64393
65388
67405
72232
73547
73614
74396
76275
78330
80990
81127
81865
82303
84026
84810
86395
87680
89072
89353
89410
91041
93261
95445
95759
95855
96844
97242
483
958
1863
2331
2363
2591
3126
4199
4424
5486
5656
6515
7952
8314
11481
11674
11678
14370
14677
15150
17949
18158
18306
19379
19466
20585
21172
21723
22179
25222
26334
29263
30281
31820
32292
32752
33693
37191
39089
40804
42281
42470
42600
44406
45282
45378
45608
45964
48686
49219
50973
52344
52517
52631
53599
53738
59181
59188
59491
59903
60131
60388
60920
61441
62746
62950
63053
63214
64623
66855
70068
70571
71317
71964
72258
73809
74739
76059
77611
77918
78043
80083
80377
80661
81358
81989
82327
82580
85996
86579
90075
91230
91741
92093
92669
93343
96755
98496
98567
493
572
1614
1737
5027
5658
6499
8154
10798
11313
11396
12619
13132
14750
14982
15064
15623
16131
16165
16259
16913
17108
17211
18460
19343
19908
20721
21236
22297
23361
25346
26510
26989
27372
27789
28273
28477
31483
31919
33820
34518
34776
36746
37382
39923
40433
40740
41669
42060
42733
43706
47744
49121
49305
50887
51778
53371
53858
55130
55449
55618
55669
56273
56853
57938
58482
58770
60469
60909
61277
62685
64845
64956
65355
66989
67199
69317
70488
71956
72664
72666
75748
76239
76665
76708
80869
81016
81392
81551
82819
83748
84514
88397
89777
95191
95719
98040
98663
98684
98715
869
2727
4526
4686
5880
6584
7453
11667
12361
12645
13342
14514
14956
15117
16338
16502
16541
17309
17679
18559
19392
20388
20645
21174
24368
24381
24942
25287
25423
25506
25524
26637
26705
30053
31900
32174
34515
34725
34761
36498
36727
38046
38211
38536
38854
39209
39282
40625
41236
41753
44249
47014
48844
50574
50783
52655
52850
53032
53667
54505
55097
55384
57894
58077
58176
59826
60565
69740
70283
70370
71711
72192
72564
74140
74946
76128
77509
77609
79509
81112
81628
82139
82720
83668
85083
85487
85875
86646
89208
89763
90965
91314
91775
92360
92652
94177
94721
96435
97560
109
508
2262
2648
3252
3847
4447
6700
7319
7319
7390
8401
8531
8798
9218
9633
11881
17845
18138
18776
19797
20178
20333
20553
21876
22337
22887
23204
23346
24502
25805
26530
26780
27209
27471
29705
30901
31871
32667
33749
38871
39424
40987
41674
42220
42572
43603
44176
45137
47628
48910
48949
49056
49109
49766
49978
49998
50238
50747
51332
53273
55828
60825
61205
61706
64352
65151
65181
66476
66581
67321
68203
69401
69635
72358
73469
77787
79525
80952
81486
82054
83275
83637
84311
85993
86334
86592
86723
86832
86996
87065
88046
88638
88956
91460
91651
93469
93730
95204
99100
367
1447
1951
3443
4303
5782
6044
6087
6146
6187
6244
6379
7552
8381
8612
8849
12283
13364
14495
15019
15175
15258
18478
20592
20601
20690
20718
20737
20940
21380
21457
22376
23850
24220
25603
26906
30601
31249
32099
33097
34827
36899
37497
39154
40114
41351
42074
42165
44903
45450
47780
48453
52291
52511
52902
54551
55071
56803
57807
57990
58548
59224
60774
61022
63509
66590
68041
68415
68909
69043
71316
73001
74529
74860
76751
76892
77875
78134
79188
80254
80717
82087
82495
85367
87303
88979
92163
92876
93003
93073
93111
94759
94834
96466
97132
97235
97347
97894
98707
868
2345
3102
3818
3951
4030
4337
5813
6209
7151
7916
10978
14015
15061
15798
15909
16203
19297
19318
22502
22620
24158
24622
25007
25289
25312
25736
26232
27823
30114
30822
30995
32795
33818
33869
35261
35511
35632
38036
39859
40646
42637
43872
43949
44070
45268
45866
45867
47784
48372
48911
50220
50406
50703
53976
55046
56732
59762
59888
62470
63557
63823
64085
64833
65544
66593
67136
67425
68186
68461
69000
71351
72364
73159
74210
74543
74543
75010
75127
75664
76269
77257
78865
80825
81983
82610
84864
85701
87187
87911
87912
88532
88857
90194
92310
92876
95578
98349
99101
99166
633
1083
1478
1510
1913
2297
3397
4369
6386
6754
8617
9500
10205
10280
12549
15968
16152
17202
17454
17601
18797
22117
23159
24668
25054
27106
27170
28162
28659
29068
29260
30017
31818
32471
36847
36871
38443
39228
41020
42483
43160
44034
44794
46169
46729
50742
51372
52022
52052
52322
52574
53700
54876
54945
55232
55256
58682
60106
61773
62243
63388
65897
66018
66095
66748
66969
67525
67908
69958
70404
71609
72340
72378
72683
73178
74363
77098
79308
79617
80622
82343
83087
83887
84892
85794
86375
86863
89112
89812
89966
91661
91952
92554
92982
93699
95901
96373
96636
98987
752
2380
3794
4046
6923
7794
9302
9364
9427
10312
10660
12836
14308
14621
15205
15368
15396
15878
16517
16575
16679
16689
18948
19553
20232
22457
22539
23460
25748
26204
26227
26443
26570
27635
27734
30743
31482
32396
33071
34416
35179
35298
35935
37052
37695
37781
37932
40196
42132
43687
46071
46912
47101
47557
47724
48614
48665
49168
49238
53610
55214
55255
55298
56548
59624
59928
61556
63462
65767
65793
66683
67884
69167
69368
70004
70029
71859
72144
72420
72433
74029
74107
76416
77557
77979
79435
80052
81171
81206
82332
82355
85050
85194
85606
86600
92188
92527
93110
97678
716
1016
1858
3262
3596
4144
4350
6202
6410
7754
7840
8043
9023
9307
9638
11092
11428
12104
14390
15997
17366
18160
18748
18756
19090
19692
20223
22398
22720
22944
24119
25996
27399
27725
29526
30939
31891
34540
36517
38176
38326
38713
39065
39658
44695
46756
47154
47640
48113
49006
52025
52996
54295
54472
56204
57106
58903
60169
60568
61054
61260
61470
63904
65195
66685
67118
67714
70946
73512
74152
74827
74975
75479
76153
77888
78243
80001
81608
81692
82704
83875
83976
84264
84505
85000
85254
87206
87885
88510
91148
91514
92051
94721
95240
96066
97826
97879
98352
98959