97946
1648
97033
18664
2124
63591
71569
59211
16643
3936
65259
32403
20980
49606
29030
81521
95684
36579
76307
26661
41826
7963
39205
33615
67673
63500
47278
52399
85061
48658
40519
83007
50306
53904
18023
68782
33848
89593
27993
50491
9881
9604
82894
30862
75563
11924
28735
71247
64855
5043
14260
6681
29358
53466
40296
13383
16966
3926
82135
18379
52584
22654
17738
19243
92910
35761
88025
26758
41706
32371
93601
51588
41975
76496
82450
33890
4772
11185
5138
69628
32580
19398
92661
78290
89216
32958
91674
6182
36884
73809
24561
89469
12815
42299
8712
22077
94413
96737
65188
36119
45460
58789
87707
3788
51637
70157
37678
56410
97695
42816
42390
46627
78567
35051
24918
67783
84361
32944
90318
