42831
81419
48107
80118
32556
45028
88069
21564
92775
71229
68751
62926
48382
13004
52341
74341
15166
27945
86302
973
41602
68160
75670
92524
9864
64034
46839
64098
58161
23286
86035
33195
34389
55789
12065
66050
38369
80339
48545
14080
32943
90849
84109
49122
84447
48496
8959
91848
70839
56552
54809
26426
28468
44118
21621
20229
59532
1116
67433
68995
94818
50114
72278
72665
44677
5322
42318
72089
41350
73281
39999
77160
3412
36370
14208
86522
77269
85236
42071
79129
47779
51300
5477
78629
21248
31501
81295
81845
38872
56547
7562
37531
93458
94544
60929
90854
73906
78214
73702
83169
69166
25842
8371
7225
19179
67122
64444
5436
36627
1117
26195
5532
64757
99552
3286
75474
30234
59626
31961
63360
32095
72701
34124
86479
24308
74788
80106
86743
15791
53476
67549
64189
79118
12779
21136
72054
17416
48613
84179
88906
97262
49262
72357
25428
74883
38850
38113
25830
55989
8847
66695
40361
5911
19948
17061
30497
94716
64611
24610
33999
3186
15433
19208
93041
94713
74831
69708
67268
77278
53713
34426
64810
86457
98795
68481
39078
42271
87980
16857
60483
25029
62146
73196
83124
87378
8629
95752
17239
39071
57360
48480
15411
78605
15193
81241
43169
64899
62242
16408
21831
2275
66136
50374
48350
9800
4761
15837
5269
56671
92547
96881
69070
88254
90503
71486
65287
71461
8828
80361
81875
30512
15599
44630
51079
42806
95512
98854
39249
29921
32040
2059
79937
12042
53855
24234
45964
86256
89275
27274
67685
69365
31882
82463
26316
91253
64832
39726
36163
63620
90852
44413
66651
94627
15461
51545
70990
60959
37226
77346
29701
75238
77382
98135
97337
45734
95754
50234
42326
64932
37365
90719
61980
85270
54919
9718
28031
62078
54547
97043
13007
33859
59058
64886
61746
30477
96724
85436
12172
26749
69074
80033
97729
26663
94303
68592
81329
78605
41725
55338
97826
11289
16619
25262
20220
58070
83068
29130
32781
69004
16195
94591
85964
24054
90026
88138
9275
97122
40322
81204
47654
6084
80853
21720
7433
49911
98775
43564
81677
79121
46139
75758
61842
40450
98946
88044
59817
25193
54638
43856
44120
26579
86965
27142
44865
66737
13136
77932
65084
94900
98739
56981
70816
85896
34551
27225
21153
40426
11987
70013
19539
50344
32874
53786
14732
50771
87901
88205
31464
15011
3553
78330
85926
59080
70155
20222
49520
38920
79144
20112
87192
57497
57609
7602
60605
2557
97052
5594
86477
19509
48758
56023
20132
24420
17356
13123
41971
59233
95296
20804
38972
6456
12312
84414
30873
26718
38091
72345
91037
45614
71157
78570
82034
26181
48330
68832
38625
75382
99751
83694
41649
35179
72292
26640
36262
59578
76517
36283
37003
84255
61744
71334
99882
80987
52089
30671
7543
74665
63480
70923
96653
71097
52668
40558
30192
16587
40922
61459
37906
87049
74461
24681
92529
3937
1121
73338
53565
92126
94011
89688
34359
95746
57296
76678
10677
90498
27878
12833
44323
81310
17271
99754
54499
76219
76225
62352
17077
14847
24379
22494
63537
34505
14339
24095
75249
8202
2514
31401
55788
21764
84144
65293
24317
65405
40484
5722
69122
54048
27140
92680
40992
94736
94955
81800
38500
49002
29160
20613
44997
6518
79859
34486
50533
63273
41914
39876
55829
81819
85242
49043
73688
2848
76617
55438
46880
33316
35824
76275
86741
86888
26327
45528
9812
50196
58424
35577
82132
46552
5365
65984
15587
10947
61477
56399
28015
52127
40521
47180
15489
53127
46109
71850
73828
1669
96330
26000
65412
23852
82297
15560
74769
87247
13474
70726
78882
43101
75458
63058
19606
28634
30475
98741
60917
68571
51701
3548
80630
64797
72690
30892
23866
28930
48544
33442
181
77929
51159
88165
7021
28809
83938
33099
122
28362
56106
72389
48654
35839
72878
53063
94158
97028
31343
10200
77662
84593
40712
12754
85467
37592
94651
51991
46978
44833
40485
75920
4686
13982
36820
6883
93279
56205
67887
24593
51317
37195
48723
6920
43419
83631
1791
16172
64577
91946
58917
893
77250
56409
14945
40197
9733
32164
61573
17024
43102
64023
18803
47592
28724
35578
27684
51325
10654
29966
8069
53613
41702
80295
91137
17125
97711
43265
5817
33236
31667
47072
37169
95320
73669
8360
35012
42600
51222
93365
25143
88733
78931
7832
299
26718
11915
29423
21164
69447
34797
20672
56326
64276
4400
52690
11800
14863
6861
55591
63041
88244
77415
16122
83670
15230
83467
77521
6453
25712
43314
33887
72820
67074
46211
80025
73843
57125
80757
88722
68048
71861
59955
12726
24729
6330
89976
39327
54683
52187
45177
23480
65529
61952
58690
58027
21625
53249
50840
90473
7161
45297
97118
78710
44959
11393
2451
61229
38957
29970
80953
68120
36275
19675
35057
51652
8031
54739
8641
16036
31279
22779
30039
79877
56231
95403
29991
62825
96254
84919
99376
89219
74931
53406
77309
85389
40797
63823
59272
78857
80256
69817
9689
1203
49979
90829
70348
25919
55422
29106
40592
68308
30488
35525
22795
6052
87087
14218
53435
99687
86409
17555
25239
99027
15207
33644
49716
89562
36882
1249
64004
79872
91853
23469
40665
96600
72650
1344
67048
14426
17016
54763
39944
71618
99290
85675
73689
34280
1811
86288
21441
23896
67710
41033
2545
30958
21786
99950
95303
93584
27074
70250
28941
79047
53978
51235
45310
60154
69349
17639
50249
52169
90580
90996
25038
85796
61177
81795
36293
37190
87065
44018
1246
89617
18080
17294
77347
55239
85007
31546
94009
80386
93232
30494
99109
28305
79690
2702
77804
30287
29392
11189
44979
43329
8403
68223
45989
10924
21720
52064
78803
1553
17476
89028
90229
36071
64116
71764
26639
29459
92778
71394
93231
70469
95585
86769
40658
76018
91777
80483
88998
39434
64302
53312
17130
27126
75355
41377
34834
93776
82972
24598
46599
3198
69049
26810
76715
50572
17022
56209
36794
13957
22863
62714
97100
20462
44729
9335
63991
65631
8132
70230
51313
88670
55556
66748
94034
21914
28847
35885
54936
75650
55689
52538
3429
86496
91835
67495
80771
66613
47490
13496
65256
56497
75171
65367
87572
83055
60604
42917
69399
40587
88118
42267
99952
48417
90167
53851
17200
76772
915
28088
96508
8983
67811
80446
76689
75787
18286
7520
29410
75286
2979
30140
54366
49676
97193
92045
19149
39325
27565
56845
25560
53995
71067
70437
30376
88677
29704
96050
21862
30245
53164
49078
87746
82659
52525
90072
12143
56788
81814
77400
99212
37155
96646
43604
61150
73961
49445
91632
94456
27020
21970
45477
5117
37426
59415
38921
66812
2656
85406
29910
17881
11187
95581
6618
53965
97850
16236
18235
34628
77358
1848
68516
7812
25711
71376
98993
75725
78877
43932
54259
46172
8528
52205
91776
87721
37972
26671
64378
34193
92612
59419
79994
95566
64993
63754
66969
57761
87152
37060
21371
1842
14
64630
95192
5518
18448
84514
47944
84592
763
44625
10699
16154
51164
20291
28338
81794
32678
37318
75245
84778
65446
57541
66450
85671
36388
76184
67367
87171
16952
90393
65036
11294
86375
86871
1192
52271
88697
4195
78670
40777
53271
20840
71691
59161
28902
79575
77935
53995
94875
7904
22710
11852
92410
2686
18450
73258
79503
2825
22999
8503
33096
41487
72642
2221
6317
24188
17863
58251
61437
73525
88181
48061
34310
80869
77960
43771
21953
97647
9740
73640
70599
98306
63304
1754
9364
54442
31534
69497
6263
81027
33822
34464
6131
97801
17394
28897
42581
80651
50345
44421
84337
53661
20275
31921
58556
72973
90166
8708
70496
15341
73179
13885
39616
24047
58712
23929
15752
9231
79867
37337
13007
24458
49391
55075
5388
10124
26286
76095
69138
61223
82724
83074
66538
18399
43803
42791
90059
84867
40488
1913
91673
27318
33010
18797
88407
84331
63546
88236
32362
59375
5099
54991
94475
12128
832
69411
3464
764
72588
13228
10553
59892
43946
25605
12538
27647
96705
13349
14889
45163
38612
75005
1662
42382
14724
12734
33186
13018
79394
29592
86733
32783
92852
86110
54272
88651
58115
29189
74940
58749
82271
59818
56861
7063
9040
26643
42070
3361
55866
78925
32106
5065
73931
76853
19268
49017
65637
90067
20276
74241
15075
7041
12071
22355
94985
87785
19041
60942
72716
15884
80218
9266
47163
18591
77682
85330
12041
20815
54130
47880
54488
39365
1121
54722
90404
51589
70815
26074
79145
79920
62050
17443
60337
11914
55562
65183
53950
41590
96291
38862
41808
96989
74423
2944
1108
23661
73613
22764
43274
48702
62530
68505
25297
96592
56450
3481
4785
19376
80323
42326
16420
25849
17535
77060
2242
75959
47372
27830
7527
20551
23353
6893
27011
99451
32231
12075
959
72698
59553
3622
41991
82595
41018
93528
91256
51857
80738
63987
64806
47162
26404
86705
58570
24178
72095
46089
71336
4909
33759
23166
77401
32002
41751
70577
78329
62251
17886
93847
56110
70408
21795
89286
24307
68739
87086
74376
33057
80590
26932
80050
19929
98408
31606
34575
23536
77279
12727
47125
94039
95664
85336
35161
72710
78122
77170
70462
61701
87920
54799
47944
46519
78013
5158
40271
4611
22209
50065
17583
85888
46794
66028
76604
79196
76574
40493
62931
44265
36324
22554
40812
44005
44323
67563
57004
12036
92354
48605
17974
8092
91439
20208
88321
20077
53915
71998
15749
37803
16258
76025
975
80265
47880
67615
53428
32612
11103
93692
50690
15401
79110
48925
51890
50628
70539
22860
55418
72934
28112
97581
51647
49841
66315
92244
43943
14948
49416
44096
57804
85822
62666
98712
50509
97680
29870
71393
51903
75972
55408
88793
27904
30180
26407
61779
63468
71944
36491
80367
13704
47328
37815
79253
29724
29498
9673
22062
40990
24784
17639
16416
2249
90545
84668
32836
5101
82890
85855
42437
96352
66513
45588
40982
79249
73262
40556
80
45245
39143
78408
42728
50043
24454
89755
75466
75826
44968
86541
72852
61194
74437
71835
84560
6879
87320
62652
95151
40210
72906
57535
1087
10299
32959
16432
63241
25369
85532
953
57577
70089
69234
67301
53355
1941
8588
73408
2398
81123
67154
314
53080
1774
22200
91498
13286
91827
22982
57967
13422
28482
19108
32594
36579
23668
96257
49223
60740
45915
66592
23410
76754
77141
14752
82247
71531
31226
84455
28106
21928
6741
10250
18772
82031
58672
87003
47031
84118
28167
16400
42201
94005
62911
53100
34460
77062
22191
48492
76830
12092
94908
18416
76540
61981
41507
63363
12881
27998
64368
68361
58269
409
42667
43717
75456
98637
47858
36740
86694
84019
24161
23497
55517
77304
78702
84054
6017
28892
85873
40596
16824
66693
90496
8447
91065
53696
25082
60048
9032
41206
53337
88776
4700
69287
34186
34902
57410
55430
13465
1542
9402
40465
92453
77511
66687
4683
6834
21558
14629
86775
87902
28236
98362
77971
33515
41153
80622
85295
48411
60955
6735
61225
86266
34391
73517
98534
15765
22642
68285
86606
57640
33717
99801
13925
13013
33723
16900
87714
79153
79009
75020
98734
82616
93801
49800
83546
80321
98090
61152
19293
45580
77111
3275
90665
38775
17162
64531
59337
77872
85037
14294
44857
10053
86981
98246
53090
62583
5788
47024
21584