14
80
122
181
299
314
409
763
764
832
893
915
953
959
973
975
1087
1108
1116
1117
1121
1121
1192
1203
1246
1249
1344
1542
1553
1662
1669
1754
1774
1791
1811
1842
1848
1913
1941
2059
2221
2242
2249
2275
2398
2451
2514
2545
2557
2656
2686
2702
2825
2848
2944
2979
3186
3198
3275
3286
3361
3412
3429
3464
3481
3548
3553
3622
3937
4195
4400
4611
4683
4686
4700
4761
4785
4909
5065
5099
5101
5117
5158
5269
5322
5365
5388
5436
5477
5518
5532
5594
5722
5788
5817
5911
6017
6052
6084
6131
6263
6317
6330
6453
6456
6518
6618
6735
6741
6834
6861
6879
6883
6893
6920
7021
7041
7063
7161
7225
7433
7520
7527
7543
7562
7602
7812
7832
7904
8031
8069
8092
8132
8202
8360
8371
8403
8447
8503
8528
8528
8588
8629
8641
8708
8828
8847
8959
8983
9032
9040
9231
9266
9275
9335
9364
9402
9673
9689
9718
9733
9740
9800
9812
9864
10053
10124
10200
10250
10299
10553
10654
10677
10699
10924
10947
11103
11187
11189
11289
11294
11393
11800
11852
11914
11915
11987
12036
12041
12042
12065
12071
12075
12092
12128
12143
12172
12312
12538
12726
12727
12734
12754
12779
12833
12881
13004
13007
13007
13013
13018
13123
13136
13228
13286
13349
13422
13465
13474
13496
13704
13885
13957
13982
14080
14208
14218
14294
14339
14426
14629
14724
14732
14752
14847
14863
14889
14945
14948
15011
15075
15166
15193
15207
15230
15341
15401
15411
15433
15461
15489
15560
15587
15599
15749
15752
15765
15791
15837
15884
16036
16122
16154
16172
16195
16236
16258
16400
16408
16416
16420
16432
16587
16619
16824
16857
16900
16952
17016
17022
17024
17061
17077
17125
17130
17162
17200
17239
17271
17294
17356
17394
17416
17443
17443
17476
17535
17555
17583
17639
17639
17863
17881
17886
17974
18080
18235
18286
18399
18416
18448
18450
18591
18772
18797
18803
19041
19108
19149
19179
19208
19268
19293
19376
19509
19539
19606
19675
19929
19948
20077
20112
20132
20208
20220
20222
20229
20275
20276
20291
20462
20551
20613
20672
20815
20840
21136
21153
21164
21248
21371
21441
21558
21564
21584
21621
21625
21720
21720
21764
21786
21795
21831
21862
21914
21928
21953
21970
22062
22191
22200
22209
22355
22494
22554
22642
22710
22764
22779
22795
22860
22863
22982
22999
23166
23286
23353
23410
23469
23480
23497
23536
23661
23668
23852
23866
23896
23929
24047
24054
24095
24161
24178
24188
24234
24307
24308
24317
24379
24420
24454
24458
24593
24598
24610
24681
24729
24784
25029
25038
25082
25143
25193
25239
25262
25297
25369
25428
25560
25605
25711
25712
25830
25842
25849
25919
26000
26074
26181
26195
26286
26316
26316
26327
26404
26407
26426
26579
26639
26640
26643
26663
26671
26718
26718
26749
26810
26932
27011
27020
27074
27126
27140
27142
27225
27274
27318
27565
27647
27684
27830
27878
27904
27945
27998
28015
28031
28088
28106
28112
28167
28236
28305
28338
28362
28468
28482
28634
28724
28809
28847
28892
28897
28902
28930
28941
29106
29130
29160
29189
29392
29410
29423
29459
29498
29592
29701
29704
29724
29870
29910
29921
29966
29970
29991
30039
30140
30180
30192
30234
30245
30287
30376
30475
30477
30488
30494
30497
30512
30671
30873
30892
30958
31226
31279
31343
31401
31464
31501
31534
31546
31606
31667
31882
31921
31961
32002
32040
32095
32106
32164
32231
32362
32556
32594
32612
32678
32781
32783
32836
32874
32943
32959
33010
33057
33096
33099
33186
33195
33236
33316
33442
33515
33644
33717
33723
33759
33822
33859
33887
33999
34124
34186
34193
34280
34310
34359
34389
34391
34426
34460
34464
34486
34505
34551
34575
34628
34797
34834
34902
35012
35057
35161
35179
35525
35577
35578
35824
35839
35885
36071
36163
36262
36275
36283
36293
36324
36370
36388
36491
36579
36627
36740
36794
36820
36882
37003
37060
37155
37169
37190
37195
37226
37318
37337
37365
37426
37531
37592
37803
37815
37906
37972
38091
38113
38369
38500
38612
38625
38775
38850
38862
38872
38920
38921
38957
38972
39071
39078
39143
39249
39325
39327
39365
39434
39616
39726
39876
39944
39999
40197
40210
40271
40322
40361
40426
40450
40465
40484
40485
40488
40493
40521
40556
40558
40587
40592
40596
40658
40665
40712
40777
40797
40812
40922
40982
40990
40992
41018
41033
41153
41206
41350
41377
41487
41507
41590
41602
41649
41702
41725
41808
41914
41971
41991
42070
42071
42201
42267
42271
42318
42326
42326
42382
42437
42581
42600
42667
42728
42791
42806
42831
42917
43101
43102
43169
43265
43274
43314
43329
43419
43564
43604
43717
43771
43803
43856
43932
43943
43946
44005
44018
44096
44118
44120
44265
44323
44323
44413
44421
44625
44630
44677
44729
44833
44857
44865
44959
44968
44979
44997
45028
45163
45177
45245
45297
45310
45477
45528
45580
45588
45614
45734
45915
45964
45989
46089
46109
46139
46172
46211
46519
46552
46599
46794
46839
46880
46978
47024
47031
47072
47125
47162
47163
47180
47328
47372
47490
47592
47654
47779
47858
47880
47880
47944
47944
48061
48107
48330
48350
48382
48411
48417
48480
48492
48496
48544
48545
48605
48613
48654
48702
48723
48758
48925
49002
49017
49043
49078
49122
49223
49223
49262
49391
49416
49445
49520
49676
49716
49800
49841
49911
49979
50043
50065
50114
50196
50234
50249
50344
50345
50374
50509
50533
50572
50628
50690
50771
50840
51079
51159
51164
51222
51235
51300
51313
51317
51325
51545
51589
51647
51652
51701
51857
51890
51903
51991
52064
52089
52127
52169
52187
52205
52271
52341
52525
52538
52668
52690
53063
53080
53090
53100
53127
53164
53249
53271
53312
53337
53355
53406
53428
53435
53435
53476
53565
53613
53661
53696
53713
53786
53851
53855
53915
53950
53965
53978
53995
53995
54048
54130
54259
54272
54366
54442
54488
54499
54547
54638
54683
54722
54739
54763
54799
54809
54919
54936
54991
55075
55239
55338
55408
55418
55422
55430
55438
55517
55556
55562
55591
55689
55788
55789
55829
55829
55866
55989
56023
56106
56110
56205
56209
56231
56326
56326
56399
56409
56450
56497
56547
56552
56671
56788
56845
56861
56981
57004
57125
57296
57360
57410
57497
57535
57541
57577
57609
57640
57761
57804
57967
58027
58070
58115
58161
58251
58269
58424
58556
58570
58672
58690
58712
58749
58917
59058
59080
59161
59233
59272
59337
59375
59415
59419
59532
59553
59578
59626
59817
59818
59892
59955
60048
60154
60337
60483
60604
60605
60740
60917
60929
60942
60959
61150
61152
61177
61194
61223
61225
61229
61437
61459
61477
61573
61744
61746
61779
61842
61952
61980
61981
62050
62078
62146
62242
62251
62352
62530
62583
62652
62666
62714
62825
62911
62926
62931
63041
63058
63241
63273
63304
63360
63363
63468
63480
63537
63546
63620
63754
63823
63987
63991
64004
64023
64034
64098
64116
64189
64276
64302
64368
64378
64444
64531
64577
64611
64630
64757
64797
64806
64810
64832
64886
64899
64932
64993
65036
65084
65183
65256
65287
65293
65367
65405
65412
65446
65529
65631
65637
65984
66028
66050
66136
66315
66450
66513
66538
66592
66613
66651
66687
66693
66695
66737
66748
66812
66969
67048
67074
67122
67154
67268
67301
67367
67495
67549
67563
67615
67685
67710
67811
67887
68048
68120
68160
68223
68285
68308
68361
68481
68505
68516
68571
68592
68739
68751
68832
68995
69004
69049
69070
69074
69122
69138
69166
69234
69287
69349
69365
69399
69411
69447
69497
69708
69817
70013
70089
70155
70230
70250
70348
70408
70437
70462
70469
70496
70539
70577
70599
70726
70815
70816
70839
70923
70990
71067
71097
71157
71229
71334
71336
71376
71393
71394
71461
71486
71531
71618
71691
71764
71835
71850
71861
71944
71998
72054
72089
72095
72278
72292
72345
72357
72389
72588
72642
72650
72665
72690
72698
72701
72710
72716
72820
72852
72878
72906
72934
72973
73179
73196
73258
73262
73281
73338
73408
73517
73525
73613
73640
73669
73688
73689
73702
73828
73843
73906
73931
73961
74241
74341
74376
74423
74437
74461
74665
74769
74788
74831
74883
74931
74940
75005
75005
75020
75171
75238
75245
75249
75286
75355
75382
75456
75458
75466
75474
75650
75670
75725
75758
75787
75826
75920
75959
75972
76018
76025
76095
76184
76219
76225
76517
76540
76574
76604
76617
76678
76689
76715
76754
76772
76830
76853
77060
77062
77111
77141
77160
77170
77250
77269
77278
77279
77304
77309
77346
77347
77358
77382
77400
77401
77415
77511
77521
77662
77682
77804
77872
77929
77932
77935
77960
77971
78013
78122
78214
78329
78329
78330
78408
78570
78605
78605
78629
78670
78702
78710
78803
78857
78877
78882
78925
78931
79009
79047
79110
79118
79121
79129
79144
79145
79153
79196
79196
79249
79394
79503
79575
79690
79859
79867
79872
79877
79920
79937
79937
79994
80025
80033
80050
80106
80118
80218
80256
80265
80295
80321
80323
80339
80361
80367
80386
80446
80483
80590
80622
80630
80738
80757
80771
80853
80869
80953
80987
81027
81123
81204
81241
81295
81310
81329
81419
81677
81794
81795
81800
81814
81819
81845
81875
82031
82034
82132
82247
82271
82297
82463
82595
82616
82659
82724
82890
82972
83055
83068
83074
83124
83169
83467
83546
83631
83670
83694
83938
84019
84054
84109
84118
84144
84179
84255
84331
84337
84414
84447
84455
84514
84560
84592
84593
84668
84778
84867
84919
85007
85037
85236
85242
85270
85295
85330
85336
85389
85406
85436
85467
85532
85671
85675
85796
85822
85855
85873
85896
85926
85964
86035
86110
86256
86266
86288
86302
86375
86409
86457
86477
86479
86496
86522
86541
86606
86694
86705
86733
86741
86743
86769
86775
86871
86888
86965
86981
87003
87049
87065
87086
87087
87152
87171
87192
87247
87320
87378
87572
87714
87721
87746
87785
87901
87902
87920
87980
88044
88069
88118
88138
88165
88181
88205
88236
88244
88254
88321
88407
88651
88670
88677
88697
88722
88733
88776
88793
88906
88998
89028
89219
89275
89286
89562
89617
89688
89755
89976
90026
90059
90067
90072
90166
90167
90229
90393
90404
90473
90496
90498
90503
90545
90580
90665
90719
90829
90829
90849
90852
90854
90996
91037
91065
91137
91253
91256
91439
91498
91632
91673
91776
91777
91827
91835
91848
91853
91946
92045
92126
92244
92354
92410
92453
92524
92529
92547
92612
92680
92775
92778
92852
93041
93231
93232
93279
93365
93458
93528
93584
93692
93776
93801
93847
94005
94009
94011
94034
94039
94158
94303
94456
94475
94544
94591
94627
94651
94713
94716
94736
94818
94875
94900
94908
94955
94985
95151
95192
95296
95303
95320
95403
95512
95566
95581
95585
95664
95746
95752
95754
96050
96254
96291
96330
96352
96508
96592
96600
96646
96653
96705
96724
96881
96989
97028
97043
97052
97100
97118
97122
97193
97262
97337
97581
97647
97680
97711
97729
97801
97826
97850
98090
98135
98246
98306
98362
98408
98637
98712
98734
98739
98741
98775
98795
98854
98946
98993
99027
99027
99109
99212
99290
99376
99451
99552
99751
99754
99801
99882
99950
99952