1648
2124
3788
3926
3936
4772
5043
5138
6182
6681
7963
8712
9604
9881
11185
11924
12815
13383
14260
16643
16966
17738
18023
18379
18664
19243
19398
20980
22077
22654
24561
24918
26661
26758
27993
28735
29030
29358
30862
32371
32403
32580
32944
32958
33615
33848
33890
35051
35761
36119
36579
36884
37678
39205
40296
40519
41706
41826
41975
42299
42390
42816
45460
46627
47278
48658
49606
50306
50491
51588
51637
52399
52584
53466
53904
56410
58789
59211
63500
63591
64855
65188
65259
67673
67783
68782
69628
70157
71247
71569
73809
75563
76307
76496
78290
78567
81521
82450
82894
83007
84361
85061
87707
88025
89216
89469
89593
91674
92661
92910
93601
94413
95684
96737
97033
97695
90318
97946
82135
